515,288650140187
515,288650140187
391,135633034519
391,135633034519
391,135633034519
293,787681858955
293,787681858955
293,787681858955
209,184163711226
209,184163711226
209,184163711226
209,184163711226
209,184163711226
205,391164733519
198,767802440812
198,767802440812
198,767802440812
198,767802440812
198,767802440812
166,128504217876
166,128504217876
165,586991425259
165,586991425259
165,586991425259
165,586991425259
165,586991425259
162,326569382528
162,326569382528
162,326569382528
162,326569382528
162,326569382528
161,211687145661
151,587294585739
151,587294585739
150,981683660936
145,57463616243
145,57463616243
145,57463616243
145,57463616243
145,57463616243
145,57463616243
145,12979972916
145,12979972916
144,715096354973
143,144529852184
143,144529852184
143,144529852184
134,56113070363
134,56113070363
134,56113070363
134,56113070363
134,56113070363
134,56113070363
134,56113070363
134,56113070363
134,56113070363
134,56113070363
133,69557172041
133,69557172041
133,69557172041
133,69557172041
133,69557172041
133,69557172041
133,69557172041
133,69557172041
133,69557172041
133,69557172041
133,69557172041
133,69557172041
131,176520201658
131,176520201658
131,176520201658
130,951848107033
130,951848107033
130,951848107033
129,868855499174
129,868855499174
129,868855499174
129,868855499174
129,868855499174
129,430081698174
128,85963795472
128,85963795472
128,85963795472
127,693937905059
127,693937905059
127,693937905059
127,693937905059
127,693937905059
127,693937905059
127,693937905059
127,524560533372
126,715245596907
126,715245596907
126,715245596907
125,947428959463
125,947428959463
125,947428959463
125,947428959463
125,947428959463
125,157981968359
125,157981968359
125,157981968359
125,157981968359
125,157981968359
125,157981968359
125,157981968359
125,157981968359
125,157981968359
125,157981968359
125,157981968359
125,157981968359
125,157981968359
124,494466970039
124,494466970039
124,494466970039
124,494466970039
124,494466970039
124,494466970039
124,494466970039
124,494466970039
124,494466970039
124,494466970039
124,494466970039
124,494466970039
124,494466970039
124,494466970039
124,494466970039
124,494466970039
124,494466970039
124,494466970039
124,494466970039
124,494466970039
124,494466970039
124,494466970039
124,494466970039
124,494466970039
124,494466970039
124,494466970039
124,494466970039
124,494466970039
124,494466970039
124,494466970039
124,494466970039
124,494466970039
124,494466970039
124,494466970039
124,494466970039
124,494466970039
124,494466970039
124,494466970039
124,494466970039
124,494466970039
124,494466970039
124,494466970039
124,494466970039
124,494466970039
124,494466970039
124,494466970039
124,494466970039
124,494466970039
124,494466970039
124,494466970039
124,494466970039
124,494466970039
124,494466970039
124,494466970039
124,494466970039
124,494466970039
124,494466970039
124,494466970039
124,494466970039
124,494466970039
124,494466970039
124,494466970039
124,494466970039
124,279738568135
124,279738568135
124,279738568135
124,279738568135
124,279738568135
124,279738568135
124,279738568135
124,279738568135
124,279738568135
124,279738568135
124,279738568135
124,279738568135
124,279738568135
124,279738568135
124,279738568135
124,279738568135
124,279738568135
124,279738568135
124,279738568135
124,279738568135
124,279738568135
124,279738568135
124,279738568135
124,279738568135
124,279738568135
124,279738568135
124,279738568135
124,279738568135
124,279738568135
124,279738568135
124,279738568135
124,279738568135
124,279738568135
124,279738568135
124,279738568135
124,279738568135
124,279738568135
124,279738568135
124,279738568135
124,279738568135
124,279738568135
124,279738568135
124,279738568135
124,279738568135
124,279738568135
124,279738568135
124,279738568135
124,279738568135
124,279738568135
124,279738568135
124,279738568135
124,279738568135
124,279738568135
124,279738568135
124,279738568135
124,279738568135
124,279738568135
124,279738568135
124,279738568135
124,279738568135
124,279738568135
124,279738568135
124,279738568135
124,279738568135
124,279738568135
124,279738568135
124,279738568135
124,279738568135
124,279738568135
124,279738568135
124,279738568135
124,279738568135
124,279738568135
124,279738568135
124,279738568135
124,279738568135
124,279738568135
124,279738568135
124,279738568135
124,279738568135
124,279738568135
124,279738568135
124,279738568135
124,279738568135
123,979457121134
123,979457121134
123,979457121134
123,979457121134
123,979457121134
123,979457121134
123,979457121134
123,979457121134
123,979457121134
123,979457121134
123,979457121134
123,979457121134
123,979457121134
123,979457121134
123,979457121134
123,979457121134
123,979457121134
123,979457121134
123,979457121134
123,979457121134
123,979457121134
123,979457121134
123,979457121134
123,979457121134
123,979457121134
123,979457121134
123,979457121134
123,979457121134
123,979457121134
123,979457121134
123,979457121134
123,979457121134
123,979457121134
123,979457121134
123,979457121134
123,979457121134
123,979457121134
123,979457121134
123,979457121134
123,979457121134
123,979457121134
123,979457121134
123,979457121134
123,979457121134
123,979457121134
123,979457121134
123,979457121134
123,979457121134
123,959593451279
123,959593451279
123,959593451279
123,959593451279
123,959593451279
123,959593451279
123,959593451279
123,959593451279
123,959593451279
123,959593451279
123,959593451279
123,959593451279
123,959593451279
123,959593451279
123,959593451279
123,959593451279
123,959593451279
123,959593451279
123,959593451279
123,959593451279
122,07431782264
122,07431782264
122,07431782264
122,07431782264
122,07431782264
121,992187886317
121,992187886317
121,992187886317
121,992187886317
121,992187886317
121,992187886317
121,992187886317
121,992187886317
121,992187886317
121,992187886317
121,992187886317
121,992187886317
121,992187886317
121,992187886317
121,992187886317
121,992187886317
121,992187886317
121,992187886317
121,992187886317
121,992187886317
121,992187886317
121,992187886317
121,992187886317
121,992187886317
121,992187886317
121,992187886317
121,992187886317
121,992187886317
121,992187886317
121,992187886317
118,736037624198
118,736037624198
118,736037624198
118,736037624198
115,112385234701
115,112385234701
115,112385234701
115,112385234701
114,335407791247
114,335407791247
114,335407791247
114,335407791247
114,335407791247
114,335407791247
114,335407791247
114,335407791247
114,335407791247
114,335407791247
111,966595187073
111,966595187073
111,966595187073
111,966595187073
111,966595187073
111,966595187073
111,947220027024
111,475147871778
111,475147871778
111,475147871778
111,475147871778
111,475147871778
111,475147871778
111,057572158963
110,955405790743
110,885483367595
110,885483367595
110,885483367595
110,885483367595
110,885483367595
110,885483367595
110,885483367595
110,885483367595
110,885483367595
110,885483367595
109,528812312948
109,528812312948
109,472169956157
109,458874119121
109,458874119121
109,458874119121
109,458874119121
109,458874119121
109,458874119121
109,458874119121
109,458874119121
106,922334850004
106,922334850004
106,922334850004
106,922334850004
106,922334850004
106,922334850004
106,922334850004
106,922334850004
106,922334850004
106,922334850004
106,922334850004
106,922334850004
106,922334850004
106,922334850004
106,921419594012
106,921419594012
106,921419594012
106,921419594012
106,921419594012
106,921419594012
106,921419594012
106,921419594012
106,921419594012
106,921419594012
106,921419594012
106,921419594012
106,921419594012
106,921419594012
106,921419594012
106,921419594012
106,921419594012
106,921419594012
106,921419594012
106,921419594012
106,921419594012
106,921419594012
106,921419594012
106,921419594012
106,921419594012
106,921419594012
106,921419594012
106,921419594012
106,921419594012
106,921419594012
103,399961594878
103,399961594878
103,399961594878
103,399961594878
103,399961594878
103,399401995842
103,399401995842
103,399401995842
103,399401995842
103,399401995842
103,399401995842
103,399401995842
103,399401995842
103,399401995842
103,399401995842
103,399401995842
103,399401995842
103,399401995842
103,399401995842
103,399401995842
103,399401995842
103,399401995842
103,399401995842
103,399401995842
103,399401995842
103,399401995842
103,399401995842
103,399401995842
103,399401995842
103,399401995842
103,399401995842
103,399401995842
103,399401995842
103,399401995842
103,399401995842
103,399401995842
103,399401995842
103,399401995842
103,399401995842
103,399401995842
103,399401995842
103,399401995842
103,399401995842
103,399401995842
103,399401995842
102,361253446702
102,361253446702
102,361253446702
102,361253446702
102,361253446702
102,361253446702
102,361253446702
102,361253446702
102,361253446702
102,361253446702
102,361253446702
102,361253446702
102,361253446702
102,361253446702
102,361253446702
102,361253446702
102,361253446702
102,361253446702
102,361253446702
102,361253446702
102,361253446702
102,361253446702
102,361253446702
102,361253446702
102,361253446702
102,361253446702
102,361253446702
102,361253446702
102,361253446702
102,361253446702
102,361253446702
102,361253446702
102,361253446702
102,361253446702
102,361253446702
102,361253446702
102,361253446702
102,361253446702
102,361253446702
102,361253446702
102,361253446702
102,361253446702
102,361253446702
102,361253446702
102,361253446702
102,361253446702
102,361253446702
102,361253446702
102,361253446702
102,361253446702
102,361253446702
102,361253446702
102,361253446702
102,361253446702
102,361253446702
102,361253446702
102,361253446702
102,361253446702
102,361253446702
102,361253446702
102,361253446702
101,603543135544
101,603543135544
101,603543135544
101,603543135544
101,603543135544
101,603543135544
101,588357688046
101,588357688046
101,588357688046
101,588357688046
101,588357688046
101,588357688046
101,588357688046
101,588357688046
101,588357688046
101,588357688046
101,588357688046
101,588357688046
101,588357688046
101,588357688046
101,588357688046
101,588357688046
101,588357688046
101,588357688046
101,588357688046
101,588357688046
101,588357688046
101,588357688046
101,588357688046
101,588357688046
101,588357688046
101,588357688046
101,588357688046
99,4935473244926
99,4935473244926
99,4935473244926
99,4935473244926
99,4935473244926
99,4935473244926
99,4935473244926
99,4935473244926
99,4935473244926
99,4935473244926
99,4935473244926
99,4935473244926
99,4935473244926
99,4935473244926
99,4935473244926
99,4935473244926
99,4935473244926
99,4935473244926
99,4935473244926
99,4935473244926
99,4935473244926
99,4935473244926
98,5489806265332
98,5489806265332
98,5434002477646
98,5434002477646
98,4974329806899
98,4974329806899
98,4974329806899
98,4974329806899
98,4974329806899
98,4974329806899
98,4974329806899
98,4974329806899
98,4974329806899
98,4974329806899
98,4974329806899
98,4974329806899
98,4974329806899
98,4974329806899
98,4974329806899
98,4974329806899
98,4974329806899
98,4974329806899
98,4974329806899
98,4974329806899
98,2173574302424
98,2173574302424
98,2173574302424
98,2173574302424
97,5912843928314
97,5912843928314
97,5912843928314
97,5912843928314
97,3034235518192
97,3034235518192
97,3034235518192
97,3034235518192
97,3034235518192
97,3034235518192
97,3034235518192
97,3034235518192
97,3034235518192
97,3034235518192
97,3034235518192
97,3034235518192
97,3034235518192
97,3034235518192
97,3034235518192
97,3034235518192
97,3034235518192
97,3034235518192
97,3034235518192
97,3034235518192
97,3034235518192
97,3034235518192
97,3034235518192
97,3034235518192
97,3034235518192
97,3034235518192
97,3034235518192
97,301986401765
97,301986401765
97,301986401765
97,301986401765
97,301986401765
97,301986401765
97,301986401765
97,301986401765
97,301986401765
97,301986401765
97,301986401765
97,301986401765
97,301986401765
97,301986401765
97,301986401765
97,301986401765
97,301986401765
97,301986401765
97,301986401765
97,301986401765
97,301986401765
97,301986401765
97,301986401765
97,301986401765
97,301986401765
97,301986401765
97,301986401765
97,301986401765
97,301986401765
97,301986401765
97,301986401765
97,301986401765
97,301986401765
96,6589182727351
96,6589182727351
96,6589182727351
96,6589182727351
96,6589182727351
96,6586613292913
96,6586613292913
96,6586613292913
96,6586613292913
96,6586613292913
96,6586613292913
96,6586613292913
96,6586613292913
96,6586613292913
96,6586613292913
96,6586613292913
96,6586613292913
96,6586613292913
96,6586613292913
96,6586613292913
96,6586613292913
96,6586613292913
96,6586613292913
96,6586613292913
96,6586613292913
96,6586613292913
96,6586613292913
96,6586613292913
96,6586613292913
96,6586613292913
96,6586613292913
96,6586613292913
96,6586613292913
96,6586613292913
96,6586613292913
96,6586613292913
96,6586613292913
96,6586613292913
96,6586613292913
96,6586613292913
96,6586613292913
96,6586613292913
96,6586613292913
96,6586613292913
96,6586613292913
96,6586613292913
96,6586613292913
96,6586613292913
96,6586613292913
96,6586613292913
96,6586613292913
96,6586613292913
96,6586613292913
96,6586613292913
96,6586613292913
96,6586613292913
96,6586613292913
96,6586613292913
95,7780883196833
95,7780883196833
95,7780883196833
95,7780883196833
95,7780883196833
95,7780883196833
95,7780883196833
95,7780883196833
95,7780883196833
95,7780883196833
95,7780883196833
95,7780883196833
95,7780883196833
95,7780883196833
95,7780883196833
95,7780883196833
95,7780883196833
95,7780883196833
95,7780883196833
95,7780883196833
95,7780883196833
95,7780883196833
95,7773806215548
95,7773806215548
95,7773806215548
95,7773806215548
95,7773806215548
95,7773806215548
95,7773806215548
95,7773806215548
95,7773806215548
95,7773806215548
95,7773806215548
95,7773806215548
95,7773806215548
95,7773806215548
95,6614059701179
95,6614059701179
95,6614059701179
95,6614059701179
95,6614059701179
95,6614059701179
95,6614059701179
95,6614059701179
95,4619586928108
95,4619586928108
95,4619586928108
95,4619586928108
95,3814974346074
95,3814974346074
95,3469304291356
95,3334494894416
95,3334494894416
95,3334494894416
95,3334494894416
95,3334494894416
95,3334494894416
95,3334494894416
95,3334494894416
95,3334494894416
95,3334494894416
95,3334494894416
95,3334494894416
95,3334494894416
95,3334494894416
95,3334494894416
95,3334494894416
95,3334494894416
95,3334494894416
95,3334494894416
95,3334494894416
95,3334494894416
91,8159942820249
91,8159942820249
91,8159942820249
91,1321917712913
91,1321917712913
91,1321917712913
91,1321917712913
91,1321917712913
91,1321917712913
91,1321917712913
91,1321917712913
91,1321917712913
91,1321917712913
91,1321917712913
91,1321917712913
91,1321917712913
91,1321917712913
91,1321917712913
91,1321917712913
91,1321917712913
91,1321917712913
91,1321917712913
91,1321917712913
91,1321917712913
91,1321917712913
91,1321917712913
91,1321917712913
91,1321917712913
91,1321917712913
91,1321917712913
91,1321917712913
91,1321917712913
91,1321917712913
91,1321917712913
91,1321917712913
91,1321917712913
91,1321917712913
91,1321917712913
91,1321917712913
91,1321917712913
91,1321917712913
91,1321917712913
91,1321917712913
91,1321917712913
91,1321917712913
91,1321917712913
91,1321917712913
91,1321917712913
91,1321917712913
91,1321917712913
91,1321917712913
91,1321917712913
91,1321917712913
91,1321917712913
91,1321917712913
91,1321917712913
91,1321917712913
91,1321917712913
91,1321917712913
91,1321917712913
91,1321917712913
91,1321917712913
90,0525691258961
90,0525691258961
90,0525691258961
90,0525691258961
90,0525691258961
90,0525691258961
90,0525691258961
90,0525691258961
90,0525691258961
90,0525691258961
90,0525691258961
90,0525691258961
90,0432206492206
90,0432206492206
90,0432206492206
90,0432206492206
90,0432206492206
90,0432206492206
90,0432206492206
90,0432206492206
89,7511098116742
89,7511098116742
89,7511098116742
89,7511098116742
89,7511098116742
89,7511098116742
89,7511098116742
89,7511098116742
89,7511098116742
89,7511098116742
89,7511098116742
89,7511098116742
89,7511098116742
89,7511098116742
89,7511098116742
89,7511098116742
89,7511098116742
89,7511098116742
89,7511098116742
89,7511098116742
89,7511098116742
89,7511098116742
89,7511098116742
89,7511098116742
89,7511098116742
89,7511098116742
89,7511098116742
89,7511098116742
89,7511098116742
89,7511098116742
89,7511098116742
89,7511098116742
89,7511098116742
89,7511098116742
89,7510299645157
89,7510299645157
89,7510299645157
89,7510299645157
89,7510299645157
89,7510299645157
89,7510299645157
89,7510299645157
89,7510299645157
89,7510299645157
89,7510299645157
89,7510299645157
89,7510299645157
89,7510299645157
89,7510299645157
89,7510299645157
89,7510299645157
89,7510299645157
89,7510299645157
89,7510299645157
89,7510299645157
89,7510299645157
89,7510299645157
89,7510299645157
89,7510299645157
89,7510299645157
89,7510299645157
89,7510299645157
89,7510299645157
89,7510299645157
89,7510299645157
89,7510299645157
89,7510299645157
89,7510299645157
89,7510299645157
89,7510299645157
89,7510299645157
89,7510299645157
89,7510299645157
89,7510299645157
