0,0652455373222457	939		0,0671324688043738	1317		0,06932007858157	1043		0,0702996809829132	946		0,0676974636003821	936		
0,0652455373222457	956		0,0671324688043738	1064		0,0655777649231616	973		0,0676272068454346	926		0,0673327525566081	920		
0,0652455373222457	923		0,0671324688043738	1388		0,0655777649231616	925		0,0676272068454346	935		0,0673327525566081	956		
0,0652455373222457	956		0,0671324688043738	1130		0,0655777649231616	946		0,0676272068454346	987		0,0673327525566081	926		
0,0652455373222457	962		0,0671324688043738	1294		0,0655777649231616	1168		0,0676272068454346	1001		0,0673327525566081	969		
0,0652455373222457	928		0,0671324688043738	1271		0,0655777649231616	1154		0,0676272068454346	1172		0,0673327525566081	973		
0,0652455373222457	911		0,0671324688043738	945		0,0655777649231616	928		0,0676272068454346	1284		0,0673327525566081	1001		
0,0652455373222457	939		0,0671324688043738	964		0,0655777649231616	917		0,0676272068454346	1123		0,0673327525566081	971		
0,0652455373222457	904		0,0671324688043738	908		0,0655777649231616	919		0,0676272068454346	1557		0,0673327525566081	954		
0,0652455373222457	909		0,0671324688043738	914		0,0655777649231616	937		0,0676272068454346	1165		0,0673327525566081	963		
0,0652455373222457	921		0,0671324688043738	936		0,0655777649231616	982		0,0676272068454346	1097		0,0673327525566081	917		
0,0652455373222457	910		0,0671324688043738	950		0,0655777649231616	985		0,0676272068454346	1167		0,0673327525566081	919		
0,0652455373222457	945		0,0671324688043738	1007		0,0655777649231616	958		0,0676272068454346	1089		0,0673327525566081	912		
0,0652455373222457	900		0,0671324688043738	980		0,0655777649231616	933		0,0676272068454346	1070		0,0673327525566081	896		
0,0652455373222457	985		0,0671324688043738	1062		0,0655777649231616	928		0,0676272068454346	966		0,0673327525566081	887		
0,0652455373222457	922		0,0671324688043738	938		0,0655777649231616	881		0,0676272068454346	1046		0,0673327525566081	909		
0,0652455373222457	1109		0,0671324688043738	912		0,0655777649231616	1209		0,0676272068454346	889		0,0673327525566081	890		
0,0652455373222457	1093		0,0671324688043738	920		0,0655777649231616	876		0,0676272068454346	935		0,0673327525566081	927		
0,0652455373222457	1303		0,0671324688043738	1091		0,0655777649231616	979		0,0676272068454346	888		0,0673327525566081	898		
0,0652455373222457	1014		0,0671324688043738	921		0,0655777649231616	914		0,0676272068454346	863		0,0673327525566081	906		
0,0652455373222457	1422		0,0671324688043738	934		0,0655777649231616	1297		0,0676272068454346	861		0,0673327525566081	872		
0,0652455373222457	1007		0,0671324688043738	1158		0,0655777649231616	1145		0,0676272068454346	883		0,0673327525566081	908		
0,0652455373222457	965		0,0671324688043738	947		0,0655777649231616	1122		0,0676272068454346	847		0,0673327525566081	873		
0,0652455373222457	1044		0,0671324688043738	960		0,0655777649231616	885		0,0676272068454346	866		0,0673327525566081	924		
0,0652455373222457	943		0,0671324688043738	1124		0,0655777649231616	895		0,0676272068454346	856		0,0673327525566081	876		
0,0652455373222457	968		0,0671324688043738	1105		0,0655777649231616	981		0,0676272068454346	877		0,0673327525566081	927		
0,0652455373222457	1082		0,0671324688043738	942		0,0655777649231616	1122		0,0676272068454346	895		0,0673327525566081	886		
0,0652455373222457	1086		0,0671324688043738	1424		0,0655777649231616	900		0,0676272068454346	865		0,0673327525566081	905		
0,0652455373222457	1097		0,0671324688043738	966		0,0655777649231616	859		0,0676272068454346	849		0,0673327525566081	892		
0,0652455373222457	945		0,0671324688043738	1053		0,0655777649231616	859		0,0676272068454346	846		0,0673327525566081	862		
0,0652455373222457	1055		0,0671324688043738	1252		0,0655777649231616	1020		0,0676272068454346	846		0,0673327525566081	865		
0,0652455373222457	900		0,0671324688043738	1301		0,0655777649231616	972		0,0676272068454346	849		0,0673327525566081	887		
0,0652455373222457	1250		0,0671324688043738	1364		0,0655777649231616	1009		0,0676272068454346	854		0,0673327525566081	869		
0,0652455373222457	983		0,0671324688043738	1128		0,0655777649231616	861		0,0676272068454346	850		0,0673327525566081	883		
0,0652455373222457	1043		0,0671324688043738	1365		0,0655777649231616	946		0,0676272068454346	872		0,0673327525566081	902		
0,0652455373222457	834		0,0671324688043738	983		0,0655777649231616	982		0,0676272068454346	849		0,0673327525566081	857		
0,0652455373222457	837		0,0671324688043738	1115		0,0655777649231616	911		0,0676272068454346	889		0,0673327525566081	889		
0,0652455373222457	853		0,0671324688043738	869		0,0655777649231616	856		0,0676272068454346	844		0,0673327525566081	1149		
0,0652455373222457	861		0,0671324688043738	881		0,0655777649231616	970		0,0676272068454346	847		0,0673327525566081	891		
0,0652455373222457	860		0,0671324688043738	864		0,0655777649231616	954		0,0676272068454346	829		0,0673327525566081	1067		
0,0652455373222457	1051		0,0671324688043738	845		0,0655777649231616	1150		0,0676272068454346	852		0,0673327525566081	1151		
0,0652455373222457	842		0,0671324688043738	876		0,0655777649231616	970		0,0676272068454346	863		0,0673327525566081	1610		
0,0652455373222457	860		0,0671324688043738	868		0,0655777649231616	846		0,0676272068454346	882		0,0673327525566081	1016		
0,0652455373222457	938		0,0671324688043738	892		0,0655777649231616	980		0,0676272068454346	873		0,0673327525566081	937		
0,0652455373222457	846		0,0671324688043738	845		0,0655777649231616	835		0,0676272068454346	888		0,0673327525566081	1067		
0,0652455373222457	845		0,0671324688043738	927		0,0655777649231616	838		0,0676272068454346	910		0,0673327525566081	988		
0,0652455373222457	1115		0,0671324688043738	905		0,0655777649231616	826		0,0676272068454346	847		0,0673327525566081	916		
0,0652455373222457	902		0,0671324688043738	831		0,0655777649231616	836		0,0676272068454346	925		0,0673327525566081	1314		
0,0652455373222457	1216		0,0671324688043738	880		0,0655777649231616	824		0,0676272068454346	845		0,0673327525566081	987		
0,0652455373222457	1115		0,0671324688043738	833		0,0655777649231616	850		0,0676272068454346	818		0,0673327525566081	1164		
0,0652455373222457	890		0,0671324688043738	912		0,0655777649231616	914		0,0676272068454346	858		0,0673327525566081	949		
0,0652455373222457	839		0,0671324688043738	859		0,0655777649231616	1104		0,0676272068454346	834		0,0673327525566081	897		
0,0652455373222457	832		0,0671324688043738	866		0,0655777649231616	1021		0,0676272068454346	913		0,0673327525566081	879		
0,0652455373222457	865		0,0671324688043738	895		0,0655777649231616	864		0,0676272068454346	891		0,0673327525566081	1189		
0,0652455373222457	1040		0,0671324688043738	845		0,0655777649231616	996		0,0676272068454346	1066		0,0673327525566081	1045		
0,0652455373222457	1071		0,0671324688043738	1059		0,0655777649231616	918		0,0676272068454346	918		0,0673327525566081	987		
0,0652455373222457	1000		0,0671324688043738	1164		0,0655777649231616	1031		0,0676272068454346	877		0,0673327525566081	1056		
0,0652455373222457	1101		0,0671324688043738	854		0,0655777649231616	837		0,0676272068454346	963		0,0673327525566081	1271		
0,0652455373222457	943		0,0671324688043738	955		0,0655777649231616	1002		0,0676272068454346	883		0,0673327525566081	1219		
0,0652455373222457	973		0,0671324688043738	1136		0,0655777649231616	868		0,0676272068454346	951		0,0673327525566081	919		
0,0652455373222457	1265		0,0671324688043738	972		0,0655777649231616	905		0,0676272068454346	959		0,0673327525566081	1286		
0,0652455373222457	850		0,0671324688043738	930		0,0655777649231616	873		0,0676272068454346	901		0,0673327525566081	1422		
0,0652455373222457	855		0,0671324688043738	860		0,0655777649231616	1289		0,0676272068454346	925		0,0673327525566081	981		
0,0652455373222457	849		0,0671324688043738	959		0,0655777649231616	1516		0,0676272068454346	1307		0,0673327525566081	1428		
0,0652455373222457	1025		0,0671324688043738	828		0,0655777649231616	963		0,0676272068454346	974		0,0673327525566081	1067		
0,0652455373222457	1056		0,0671324688043738	835		0,0655777649231616	871		0,0676272068454346	846		0,0673327525566081	931		
0,0652455373222457	922		0,0671324688043738	858		0,0655777649231616	929		0,0676272068454346	842		0,0673327525566081	1121		
0,0652455373222457	849		0,0671324688043738	824		0,0655777649231616	1040		0,0676272068454346	842		0,0673327525566081	932		
0,0652455373222457	987		0,0671324688043738	818		0,0655777649231616	1076		0,0676272068454346	1088		0,0673327525566081	906		
0,0652455373222457	979		0,0671324688043738	821		0,0655777649231616	992		0,0676272068454346	1068		0,0673327525566081	1049		
0,0652455373222457	1123		0,0671324688043738	833		0,0655777649231616	844		0,0676272068454346	1115		0,0673327525566081	1063		
0,0652455373222457	1619		0,0671324688043738	831		0,0655777649231616	908		0,0676272068454346	899		0,0673327525566081	974		
0,0652455373222457	894		0,0671324688043738	822		0,0655777649231616	895		0,0676272068454346	937		0,0673327525566081	886		
0,0652455373222457	1136		0,0671324688043738	815		0,0655777649231616	952		0,0676272068454346	836		0,0673327525566081	1069		
0,0652455373222457	959		0,0671324688043738	817		0,0655777649231616	945		0,0676272068454346	845		0,0673327525566081	847		
0,0652455373222457	1130		0,0671324688043738	822		0,0655777649231616	947		0,0676272068454346	855		0,0673327525566081	874		
0,0652455373222457	942		0,0671324688043738	1091		0,0655777649231616	1148		0,0676272068454346	925		0,0673327525566081	829		
0,0652455373222457	1248		0,0671324688043738	926		0,0655777649231616	900		0,0676272068454346	1245		0,0673327525566081	904		
0,0652455373222457	1348		0,0671324688043738	835		0,0655777649231616	973		0,0676272068454346	1024		0,0673327525566081	907		
0,0652455373222457	1159		0,0671324688043738	951		0,0655777649231616	981		0,0676272068454346	862		0,0673327525566081	1014		
0,0652455373222457	1229		0,0671324688043738	970		0,0655777649231616	925		0,0676272068454346	885		0,0673327525566081	856		
0,0652455373222457	1093		0,0671324688043738	827		0,0655777649231616	833		0,0676272068454346	882		0,0673327525566081	883		
0,0652455373222457	921		0,0671324688043738	823		0,0655777649231616	830		0,0676272068454346	942		0,0673327525566081	925		
0,0652455373222457	1391		0,0671324688043738	824		0,0655777649231616	861		0,0676272068454346	1158		0,0673327525566081	1277		
0,0652455373222457	1291		0,0671324688043738	816		0,0655777649231616	846		0,0676272068454346	1005		0,0673327525566081	868		
0,0652455373222457	1027		0,0671324688043738	816		0,0655777649231616	843		0,0676272068454346	1053		0,0673327525566081	837		
0,0652455373222457	919		0,0671324688043738	819		0,0655777649231616	869		0,0676272068454346	1242		0,0673327525566081	841		
0,0652455373222457	872		0,0671324688043738	847		0,0655777649231616	949		0,0676272068454346	877		0,0673327525566081	1173		
0,0652455373222457	916		0,0671324688043738	834		0,0655777649231616	882		0,0676272068454346	1083		0,0673327525566081	920		
0,0652455373222457	848		0,0671324688043738	829		0,0655777649231616	911		0,0676272068454346	926		0,0673327525566081	927		
0,0652455373222457	1100		0,0671324688043738	829		0,0655777649231616	1164		0,0676272068454346	926		0,0673327525566081	1171		
0,0652455373222457	1235		0,0671324688043738	1067		0,0655777649231616	893		0,0676272068454346	948		0,0673327525566081	1058		
0,0652455373222457	970		0,0671324688043738	1212		0,0655777649231616	880		0,0676272068454346	907		0,0673327525566081	947		
0,0652455373222457	1082		0,0671324688043738	820		0,0655777649231616	864		0,0676272068454346	894		0,0673327525566081	857		
0,0652455373222457	1150		0,0671324688043738	852		0,0655777649231616	864		0,0676272068454346	918		0,0673327525566081	914		
0,0652455373222457	940		0,0671324688043738	888		0,0655777649231616	926		0,0676272068454346	928		0,0673327525566081	855		
0,0652455373222457	913		0,0671324688043738	878		0,0655777649231616	882		0,0676272068454346	929		0,0673327525566081	1110		
0,0652455373222457	932		0,0671324688043738	848		0,0655777649231616	1089		0,0676272068454346	888		0,0673327525566081	969		
0,0652455373222457	866		0,0671324688043738	831		0,0655777649231616	918		0,0676272068454346	862		0,0673327525566081	889		
0,0652455373222457	882		0,0671324688043738	860		0,0655777649231616	1041		0,0676272068454346	847		0,0673327525566081	848		




































































































































































































































































































































































































































































































































































































































































































































































































































































































































