455,817671594165
444,532817231482
444,532817231482
444,532817231482
444,532817231482
444,532817231482
330,962427516722
330,720282223676
330,720282223676
330,720282223676
330,720282223676
319,589131826257
298,440224456912
298,440224456912
298,440224456912
298,440224456912
298,440224456912
294,002653308459
294,002653308459
294,002653308459
294,002653308459
294,002653308459
294,002653308459
294,002653308459
294,002653308459
294,002653308459
294,002653308459
294,002653308459
282,95149895328
282,95149895328
259,945983584093
259,945983584093
259,099041094421
259,099041094421
259,099041094421
259,099041094421
259,099041094421
259,099041094421
259,099041094421
259,099041094421
258,214503944857
258,214503944857
255,162147806102
234,929410673528
211,871624897047
211,871624897047
211,871624897047
211,871624897047
210,821716704748
210,821716704748
210,821716704748
210,821716704748
206,308857856865
206,308857856865
206,308857856865
206,308857856865
206,308857856865
206,308857856865
193,674906853368
193,674906853368
193,674562227829
193,660063386762
193,660063386762
193,645589479597
193,645589479597
193,645589479597
192,346358664569
192,346358664569
192,346358664569
192,346358664569
192,346358664569
192,346358664569
192,346358664569
192,302124037299
192,302124037299
192,302124037299
192,302124037299
192,302124037299
192,302124037299
192,302124037299
192,302124037299
192,302124037299
192,302124037299
192,302124037299
192,302124037299
192,302124037299
192,302124037299
192,302124037299
192,302124037299
192,302124037299
192,302124037299
192,302124037299
192,302124037299
192,302124037299
192,302124037299
192,302124037299
192,302124037299
192,302124037299
192,302124037299
192,302124037299
192,302124037299
192,302124037299
192,302124037299
192,302124037299
188,069734680373
188,069734680373
188,069734680373
188,069734680373
188,069734680373
188,069734680373
188,069734680373
188,069734680373
176,832886951583
176,832886951583
176,832886951583
176,832886951583
176,832886951583
176,832886951583
176,832886951583
176,809231532331
176,809231532331
176,809231532331
176,809231532331
176,809231532331
176,204390145305
176,204390145305
176,204390145305
176,179027512269
176,179027512269
176,179027512269
176,179027512269
176,179027512269
176,179027512269
176,179027512269
176,179027512269
176,179027512269
176,179027512269
176,179027512269
176,179027512269
176,179027512269
176,179027512269
176,179027512269
151,421851791359
151,421851791359
151,421851791359
151,421851791359
151,421851791359
151,421851791359
151,421851791359
149,379444088498
149,379444088498
145,265265734605
145,265265734605
145,265265734605
145,265265734605
145,265265734605
145,265265734605
145,265265734605
145,265265734605
145,265265734605
145,265265734605
145,265265734605
145,265265734605
145,265265734605
145,265265734605
145,265265734605
145,265265734605
145,265265734605
145,265265734605
145,265265734605
145,265265734605
145,265265734605
145,265265734605
145,265265734605
145,265265734605
145,265265734605
145,265265734605
145,265265734605
145,265265734605
145,265265734605
145,265265734605
143,770393834233
143,770393834233
143,770393834233
143,770393834233
143,770393834233
143,770393834233
143,770393834233
143,770393834233
143,591985687511
143,591985687511
143,591985687511
143,591985687511
143,591985687511
143,591985687511
143,591985687511
142,924855279053
142,924855279053
142,924855279053
142,924855279053
142,924855279053
142,924855279053
142,924855279053
142,924855279053
142,924855279053
142,924855279053
142,924855279053
142,924855279053
142,924855279053
142,924855279053
142,924855279053
142,924855279053
138,008509110012
138,008509110012
138,008509110012
138,008509110012
138,008509110012
138,008509110012
138,008509110012
138,008509110012
138,008509110012
138,008509110012
138,008509110012
138,008509110012
138,008509110012
138,008509110012
138,008509110012
138,008509110012
138,008509110012
138,008509110012
138,008509110012
138,008509110012
138,008509110012
138,008509110012
138,008509110012
138,008509110012
138,008509110012
138,008509110012
138,008509110012
138,008509110012
138,008509110012
138,008509110012
138,008509110012
138,008509110012
138,008509110012
138,008509110012
138,008509110012
138,008509110012
138,008509110012
138,008509110012
138,008509110012
138,008509110012
138,008509110012
138,008509110012
138,008509110012
138,008509110012
138,008509110012
138,008509110012
138,008509110012
138,008509110012
138,008509110012
138,008509110012
138,008509110012
138,008509110012
138,008509110012
138,008509110012
138,008509110012
138,008509110012
138,008509110012
138,008509110012
138,008509110012
138,008509110012
138,008509110012
137,986664241221
137,986664241221
137,986664241221
137,986664241221
137,986664241221
137,986664241221
137,986664241221
137,986664241221
137,986664241221
137,986664241221
137,986664241221
137,986664241221
137,986664241221
137,98605619124
137,98605619124
137,98605619124
137,98605619124
137,98605619124
137,98605619124
137,98605619124
137,98605619124
137,98605619124
137,98605619124
137,98605619124
137,98605619124
137,98605619124
137,98605619124
137,98605619124
137,98605619124
137,98605619124
137,98605619124
137,98605619124
137,98605619124
137,98605619124
137,98605619124
137,98605619124
137,98605619124
134,137051513917
134,137051513917
134,137051513917
131,807999285053
131,807999285053
131,807999285053
130,692379555202
130,692379555202
130,692379555202
130,692379555202
130,209732942124
130,209732942124
126,739831304965
126,739831304965
126,739831304965
126,739831304965
126,739831304965
126,739831304965
126,739831304965
126,739831304965
126,739831304965
126,739831304965
126,739831304965
126,739831304965
126,739831304965
126,739831304965
126,739831304965
126,739831304965
126,739831304965
126,739831304965
126,739831304965
126,739831304965
126,739831304965
126,739831304965
126,739831304965
126,739831304965
126,739831304965
126,739831304965
126,739831304965
126,739831304965
126,739831304965
126,739831304965
126,739831304965
126,739831304965
126,739831304965
126,739831304965
126,739831304965
126,739831304965
126,739831304965
123,808816848167
123,808816848167
123,808816848167
123,806159490235
123,806159490235
123,806159490235
123,806159490235
123,806159490235
123,806159490235
123,806159490235
123,806159490235
123,806159490235
123,806159490235
123,806159490235
123,806159490235
123,806159490235
123,806159490235
123,806159490235
123,806159490235
123,806159490235
123,806159490235
123,806159490235
123,806159490235
123,806159490235
123,806159490235
123,806159490235
123,806159490235
123,806159490235
123,806159490235
123,806159490235
123,806159490235
123,806159490235
123,806159490235
123,806159490235
123,806159490235
123,806159490235
123,806159490235
123,806159490235
123,806159490235
123,806159490235
123,806159490235
123,806159490235
123,806159490235
123,806159490235
123,806159490235
123,806159490235
123,806159490235
123,806159490235
123,806159490235
123,806159490235
123,806159490235
123,806159490235
123,806159490235
123,806159490235
123,806159490235
123,806159490235
123,806159490235
123,806159490235
123,806159490235
123,806159490235
123,806159490235
123,806159490235
123,806159490235
123,806157917084
123,806157917084
123,806157917084
123,806157917084
123,806157917084
123,806157917084
123,806157917084
123,806157917084
123,806157917084
123,806157917084
123,806157917084
123,806157917084
123,806157917084
123,806157917084
123,806157917084
123,806157917084
123,806157917084
123,806157917084
123,806157917084
123,806157917084
123,664521108336
123,664521108336
123,664521108336
123,664521108336
123,664521108336
123,664521108336
123,664521108336
123,664521108336
123,664521108336
123,664521108336
123,664521108336
123,664521108336
123,664521108336
123,664521108336
123,664521108336
123,664521108336
123,664521108336
123,664521108336
123,664521108336
123,664521108336
123,664521108336
123,664521108336
123,664521108336
123,664521108336
123,664521108336
123,664521108336
123,664521108336
123,664521108336
123,664521108336
123,664521108336
123,664521108336
123,664521108336
123,664521108336
123,664521108336
123,664521108336
123,664521108336
123,664521108336
123,664521108336
123,664521108336
123,664521108336
123,664521108336
123,664521108336
123,664521108336
123,664521108336
123,664521108336
123,664521108336
123,664521108336
123,664521108336
123,664521108336
123,664521108336
123,664521108336
123,664521108336
123,664521108336
123,664521108336
123,664521108336
122,919300946598
122,919299977599
122,919299977599
122,919299977599
122,919299977599
122,919299977599
122,919299977599
122,919299977599
122,919299977599
122,919299977599
122,919299977599
122,919299977599
122,919299977599
122,919299977599
122,919299977599
122,919299977599
122,919299977599
122,919299977599
122,919299977599
122,919299977599
122,919299977599
122,919299977599
122,919299977599
122,919299977599
122,919299977599
122,919299977599
122,919299977599
122,919299977599
115,78718205563
115,78718205563
115,78718205563
115,78718205563
115,526453728772
115,526453728772
115,526453728772
115,526453728772
115,526453728772
115,526453728772
115,526453728772
115,526453728772
115,526453728772
115,526453728772
115,526453728772
115,526453728772
115,526453728772
115,526453728772
115,526453728772
115,525454400001
115,525454400001
115,525454400001
115,525454400001
115,525454400001
115,525454400001
115,525454400001
115,525454400001
115,525454400001
115,525454400001
115,525454400001
115,525454400001
115,525454400001
115,525454400001
115,525454400001
115,525454400001
115,525454400001
115,525454400001
115,525454400001
115,525454400001
115,525454400001
115,525454400001
115,525454400001
115,525454400001
115,525454400001
115,525454400001
115,525454400001
115,525454400001
115,525454400001
115,525454400001
115,525454400001
115,525454400001
115,525454400001
115,525454400001
115,525454400001
115,525454400001
115,476076164746
115,476025821343
115,476025821343
115,476025821343
115,476025821343
115,095565707257
115,095565707257
115,095565707257
115,095565707257
115,095565707257
115,095565707257
115,095565707257
115,031287782464
115,031287782464
115,031287782464
115,031287782464
115,031287782464
115,031287782464
115,031287782464
115,031287782464
115,031287782464
115,031287782464
115,031287782464
115,031287782464
115,031287782464
115,031287782464
115,031287782464
105,22699820543
105,22699820543
105,22699820543
105,22699820543
105,22699820543
105,22699820543
100,322160433617
100,322160433617
100,322160433617
100,322160433617
100,309008904194
100,309008904194
100,309008634249
99,2711904686031
99,2711904686031
99,2711904686031
99,2711904686031
99,2711904686031
99,2711904686031
99,2711904686031
99,2711904686031
99,2711904686031
99,2711904686031
99,2711904686031
99,2711904686031
99,2711904686031
99,2711904686031
99,2711904686031
99,2711904686031
99,2711904686031
99,2711904686031
99,2711904686031
99,2711904686031
99,2711904686031
99,2711904686031
99,2711904686031
99,2711904686031
99,2711904686031
99,2711904686031
99,2711904686031
99,2711904686031
98,7736803387771
98,7736803387771
98,7565958371943
98,7565958371943
98,7565958371943
98,7565958371943
98,7565958371943
98,7565958371943
98,7565958371943
98,7565958371943
98,7565958371943
98,7565958371943
98,7565958371943
98,7565958371943
98,7565958371943
98,7565958371943
98,7565958371943
98,7565958371943
98,7565958371943
98,7565958371943
98,7565958371943
98,7565958371943
98,6467115430421
98,6467115430421
98,6467115430421
98,6467115430421
98,6467115430421
98,6467115430421
98,6467115430421
98,6467115430421
98,6467115430421
98,6467115430421
98,6467115430421
98,6467115430421
98,6467115430421
98,6467115430421
98,6467115430421
98,6467115430421
98,6467115430421
98,6467115430421
98,6467115430421
98,6467115430421
98,6467115430421
98,6467115430421
98,6467115430421
98,6467115430421
98,6467115430421
98,6467115430421
98,6467115430421
98,6467115430421
98,6420156420751
98,6420156420751
98,6420156420751
98,6420156420751
98,1747291323266
96,2195932541997
96,2195932541997
96,2195932541997
96,2121580491582
96,2121580491582
96,2121580491582
96,2121580491582
96,2121580491582
94,693083393839
94,693083393839
94,693083393839
94,6902619420962
94,6902619420962
94,6902619420962
94,6901294336139
94,6901294336139
94,6901294336139
94,6901294336139
94,6901294336139
94,6901294336139
94,6901294336139
94,6901294336139
94,6901294336139
94,6901294336139
94,6901294336139
94,6901294336139
94,6901294336139
94,6901294336139
94,0960264568723
94,0960264568723
94,0960264568723
94,0960264568723
94,0960264565411
94,0960264565411
94,0960264565411
94,0960264565411
94,0960264565411
94,0960264565411
94,0960264565411
94,0960264565411
94,0960264565411
94,0960264565411
94,0960264565411
94,0960264565411
94,0960264565411
94,0960264565411
94,0960264565411
94,0960264565411
94,0960264565411
94,0960264565411
94,0960264565411
94,0960264565411
94,0960264565411
94,0960264565411
94,0960264565411
94,0960264565411
94,0960264565411
94,0960264565411
94,0960264565082
94,0960264565082
94,0960264565082
94,0960264565082
94,0960264565082
94,0960264565082
94,0960264565082
94,0960264565082
94,0960264565082
94,0960264565082
94,0960264565082
94,0960264565082
94,0960264565082
94,0960264565082
94,0960264565082
94,0960264565082
94,0960264565082
94,0960264565082
94,0960264565082
94,0960264565082
94,0960264565082
94,0960264565082
94,0960264565082
94,0960264565082
94,0960264565082
94,0960264565082
94,0960264565082
94,0960264565082
94,0960264565082
94,0960264565082
94,0960264565082
94,0960264565082
94,0960264565082
94,0960264565082
94,0960264565082
94,0960264565082
94,0960264565082
94,0960264565082
94,0960264565082
94,0960264565082
94,0960264565082
94,0960264565082
94,0960264565082
94,0960264565082
94,0960264565082
93,6942920096777
93,6942920096777
93,6942920096777
93,6928500773215
93,6928500773215
92,6035190268633
92,6035190268633
92,6035190268633
92,6035190268633
92,3548923378301
92,3548923378301
92,3548923378301
92,3548923378301
92,3548923378301
91,3742898263261
91,3742898263261
91,3742898263261
91,1813062456243
91,1813062456243
91,1813062456243
91,1813062456243
91,1813062456243
91,1813062456243
91,1813062456243
91,1813062456243
91,1813062456243
91,1813062456243
91,1813062456243
91,1813062456243
91,1813062456243
91,1813062456243
91,1813062456243
91,1813062456243
91,1813062456243
91,181306245616
91,181306245616
91,181306245616
91,181306245616
91,181306245616
91,181306245616
91,181306245616
91,181306245616
91,181306245616
91,181306245616
91,181306245616
91,181306245616
91,181306245616
91,181306245616
91,181306245616
91,181306245616
91,181306245616
91,181306245616
91,181306245616
91,181306245616
91,181306245616
91,181306245616
91,181306245616
91,181306245616
91,181306245616
91,181306245616
91,181306245616
91,181306245616
91,181306245616
91,181306245616
91,0829668689479
90,51707994128
90,51707994128
90,51707994128
90,51707994128
90,5077645085959
90,5077645085959
90,5077645085959
90,5077645085959
90,5036225649988
90,5036225649988
90,5036225649988
90,5036225649988
90,5036225649988
90,5036225649988
90,5036225649988
90,5036225649988
90,5036225649988
90,5036225649988
90,5036225649988
90,5036225649988
90,5036225649988
90,5036225649988
90,5036225649988
90,5036225649988
90,5036225649988
90,5036225649988
90,5036225649988
90,5036225649988
90,5036225649988
90,5036225649988
90,5036225649988
90,5036225649988
90,5036225649988
90,5036225649988
90,5036225649988
90,5036225649988
90,5036225649988
90,5036225649988
90,5036225649988
90,5036225649988
90,5036225649988
90,5036225649988
90,5036225649988
90,5036225649949
90,5036225649949
90,3864346405377
90,3856824273223
90,3856824273223
90,3856824273223
90,3856824273223
90,3856824273223
90,3856824273223
90,3856824273223
90,3856824273209
90,3856824273209
90,3856824273209
90,3856824273209
90,3856824273209
90,3856824273209
90,3856824273209
90,3856824273209
90,3856824273209
90,3856824273209
90,3856824273209
90,3856824273209
90,3856824273209
90,3856824273209
90,3856824273209
90,3856824273209
89,9861239465833
89,9861239465833
89,9861239465833
89,9861239465833
89,9861239465833
89,9861239465833
89,9861239465833
89,9861239465833
89,9861239465833
89,9861239465833
89,9861239465833
89,9861239465833
89,9861239465833
89,9861239465833
89,9861239465833
89,9861239465833
89,4369290898614
89,4369290898614
89,4369290898614
89,4369290898614
89,4369290898614
89,4369290898614
89,4369290898614
89,4369290898614
89,4369290898614
89,4369290898614
89,4369290898614
89,4369290898614
85,4985136618072
85,4985136618072
85,4174054268074
85,4174054268074
85,4174054268074
85,4174054268074
85,4174054268074
85,4174054268074
85,4174054268074
85,4174054268074
85,2262412225273
85,2262412225273
85,2262412225273
85,2262412225273
85,2262412225273
85,2262412225273
85,2262412225273
85,2262412225273
85,2262412225273
85,2262412225273
85,2262412225273
85,2262412225273
85,2262412225273
85,2262412225273
85,2262412225273
85,2262412225273
85,2262412225273
85,2262412225273
85,2262412225273
85,2262412225273
85,2262412225273
83,5527181175992
