227,190490060261
192,201808800762
181,204931200842
173,526350552289
167,319199068775
161,751469987249
156,081527313458
149,736191370937
142,347092098264
133,819466782551
124,375843382765
114,496190894342
104,751489848539
95,6196819639385
87,384007675651
80,1372832302108
73,8441859828317
68,4070210990909
63,7102726118423
59,6433806529849
56,1094007368337
53,0265480314289
50,3268712445496
47,9541215322596
45,8616523691395
44,0106110374125
42,3684531311921
40,9077385470496
39,6051559068224
38,4407307655273
37,3971852410771
36,4594272952637
35,6141549363459
34,8495634740898
34,1551428013006
33,5215477063985
32,9405197271555
32,4048367434753
31,9082682738051
31,4455203435994
31,0121620330141
30,6045337750341
30,219643097935
29,8550560182107
29,5087921128027
29,1792294511719
28,8650230911012
28,5650384942169
28,2782994044279
28,0039485759813
27,7412191777091
27,4894145904491
27,247894492519
27,0160654529605
26,7933746219848
26,5793054593554
26,3733747422357
26,1751303336713
25,984149373408
25,800036682462
25,6224232620271
25,450964825899
25,285340342154
25,1252505811147
24,9704166777951
24,8205787217098
24,6754943877535
24,5349376205015
24,3986973819005
24,266576469582
24,1383904103619
24,0139664310974
23,8931425070593
23,7757664863669
23,6616952878025
23,5507941684373
23,4429360569101
23,3380009478456
23,2358753527471
23,1364518026882
23,0396283982362
22,9453084022225
22,8533998712247
22,7638153218917
22,6764714285453
22,5912887487877
22,5081914741419
22,4271072030404
22,3479667337448
22,2707038750398
22,1952552727744
22,1215602505405
22,0495606629762
21,9792007603525
21,9104270632663
21,8431882463958
21,7774350304057
21,7131200811948
21,6501979157785
21,5886248141825
21,5283587367982
21,4693592467169
21,4115874366139
21,3550058598073
21,2995784651536
21,2452705354853
21,1920486293249
21,1398805256372
21,088735171411
21,0385826318768
20,9893940431902
20,9411415674254
20,893798349737
20,8473384775611
20,80173694174
20,7569695994588
20,7130131388984
20,6698450455092
20,6274435698233
20,585787696724
20,5448571160988
20,504632194809
20,4650939499076
20,4262240230481
20,3880046560252
20,3504186673935
20,3134494301147
20,2770808501828
20,2412973461837
20,2060838297454
20,1714256868368
20,1373087598768
20,1037193306171
20,0706441037609
20,0380701912879
20,0059850974488
19,9743767044017
19,9432332584608
19,9125433569283
19,8822959354841
19,8524802561066
19,8230858955027
19,7941027340206
19,7655209450256
19,7373309847179
19,7095235823701
19,6820897309679
19,6550206782339
19,6283079180167
19,6019431820312
19,5759184319299
19,5502258516949
19,5248578403317
19,499807004854
19,4750661535454
19,4506282894841
19,4264866043216
19,4026344723013
19,3790654445068
19,3557732433314
19,3327517571556
19,309995035227
19,2874972827304
19,265252856042
19,2432562581578
19,2215021342904
19,199985267625
19,1787005752291
19,157643104108
19,1368080274015
19,1161906407139
19,0957863585729
19,0755907110116
19,0555993402678
19,0358079975976
19,0162125401955
18,9968089282199
18,9775932219175
18,9585615788429
18,939710251171
18,9210355830961
18,902534008317
18,8842020476017
18,8660363064319
18,8480334727209
18,8301903146054
18,8125036783046
18,7949704860486
18,7775877340685
18,7603524906506
18,743261894249
18,7263131516559
18,7095035362277
18,6928303861638
18,6762911028378
18,6598831491772
18,6436040480925
18,627451380951
18,6114227860969
18,5955159574135
18,5797286429273
18,5640586434524
18,5485038112747
18,5330620488726
18,5177313076747
18,5025095868529
18,4873949321496
18,4723854347378
18,4574792301131
18,4426744970172
18,4279694563909
18,4133623703565
18,3988515412281
18,3844353105498
18,3701120581595
18,3558802012796
18,3417381936316
18,3276845245747
18,3137177182697
18,2998363328631
18,2860389596955
18,2723242225299
18,2586907768017
18,245137308889
18,2316625354015
18,21826520249
18,2049440851731
18,1916979866827
18,1785257378266
18,1654261963684
18,1523982464235
18,1394407978717
18,1265527857848
18,1137331698703
18,1009809339279
18,0882950853235
18,0756746544734
18,0631186943455
18,0506262799708
18,0381965079699
18,0258284960905
18,013521382758
18,0012743266366
17,9890865062035
17,9769571193328
17,9648853828909
17,9528705323422
17,940911821365
17,9290085214778
17,917159921674
17,9053653280676
17,8936240635467
17,8819354674367
17,8702988951712
17,8587137179725
17,847179322539
17,835695110741
17,8242604993242
17,8128749196205
17,8015378172661
17,7902486519262
17,7790068970272
17,7678120394943
17,7566635794972
17,7455610302
17,7345039175184
17,7234917798826
17,7125241680047
17,7016006446532
17,6907207844311
17,6798841735603
17,6690904096701
17,6583391015906
17,6476298691515
17,6369623429832
17,6263361643247
17,6157509848339
17,605206466402
17,5947022809726
17,5842381103627
17,5738136460895
17,5634285891984
17,553082650095
17,5427755483808
17,5325070126908
17,5222767805343
17,5120845981385
17,5019302202943
17,4918134102046
17,4817339393354
17,4716915872676
17,461686141553
17,4517173975699
17,4417851583822
17,4318892345993
17,4220294442382
17,412205612586
17,4024175720648
17,3926651620976
17,3829482289749
17,3732666257228
17,3636202119718
17,3540088538265
17,3444324237361
17,3348908003656
17,3253838684673
17,3159115187532
17,3064736477674
17,2970701577592
17,2877009565562
17,2783659574375
17,2690650790076
17,2597982450691
17,2505653844971
17,2413664311118
17,2322013235521
17,2230700051486
17,2139724237962
17,204908531827
17,1958782858819
17,1868816467827
17,1779185794034
17,1689890525412
17,1600930387866
17,1512305143938
17,1424014591501
17,1336058562443
17,124843692136
17,1161149564228
17,1074196417077
17,0987577434667
17,090129259914
17,081534191869
17,0729725426209
17,0644443177942
17,0559495252133
17,0474881747661
17,0390602782691
17,0306658493302
17,0223049032125
17,0139774566982
17,005683527951
16,9974231363807
16,9891963025058
16,9810030478177
16,9728433946447
16,9647173660164
16,9566249855289
16,94856627721
16,9405412653862
16,9325499745496
16,924592429226
16,9166686538448
16,9087786726098
16,900922509371
16,8931001874987
16,885311729759
16,8775571581916
16,8698364939891
16,8621497573791
16,8544969675085
16,8468781423304
16,8392932984942
16,8317424512382
16,8242256142856
16,8167427997438
16,8092940180075
16,8018792776651
16,7944985854097
16,7871519459533
16,7798393619464
16,7725608339012
16,7653163601199
16,7581059366276
16,7509295571108
16,7437872128605
16,7366788927207
16,7296045830426
16,722564267645
16,7155579277792
16,7085855421008
16,7016470866478
16,694742534824
16,6878718573891
16,6810350224551
16,6742319954896
16,6674627393244
16,6607272141723
16,6540253776486
16,6473571848009
16,640722588144
16,6341215377026
16,6275539810592
16,6210198634098
16,6145191276247
16,6080517143165
16,6016175619132
16,5952166067387
16,5888487830973
16,5825140233654
16,5762122580876
16,5699434160782
16,5637074245279
16,5575042091146
16,5513336941184
16,5451958025413
16,5390904562299
16,5330175760014
16,5269770817721
16,5209688926892
16,5149929272638
16,5090491035053
16,5031373390577
16,4972575513351
16,4914096576587
16,4855935753918
16,4798092220751
16,4740565155592
16,4683353741359
16,462645716666
16,4569874627041
16,4513605326196
16,4457648477132
16,4402003303274
16,4346669039531
16,4291644933283
16,4236930245306
16,4182524250625
16,4128426239283
16,407463551703
16,4021151405915
16,396797324479
16,391510038971
16,3862532214226
16,3810268109574
16,3758307484748
16,3706649766456
16,3655294398958
16,3604240843776
16,3553488579286
16,3503037100173
16,3452885916763
16,3403034554222
16,335348255162
16,3304229460869
16,3255274845523
16,320661827945
16,3158259345371
16,3110197633275
16,3062432738704
16,3014964260914
16,2967791800921
16,2920914959425
16,2874333334625
16,2828046519929
16,278205410156
16,2736355656071
16,2690950747763
16,2645838926032
16,2601019722638
16,2556492648901
16,2512257192855
16,2468312816334
16,2424658952036
16,2381295000545
16,2338220327338
16,2295434259778
16,2252936084112
16,2210725042473
16,2168800329912
16,2127161091448
16,2085806419177
16,204473534942
16,2003946859946
16,1963439867262
16,192321322399
16,188326571635
16,184359606173
16,1804202906391
16,1765084823286
16,1726240310019
16,1687667786952
16,164936559545
16,161133199631
16,1573565168335
16,1536063207099
16,149882412389
16,1461845844837
16,1425126210236
16,1388662974068
16,1352453803724
16,1316496279933
16,1280787896895
16,1245326062626
16,1210108099511
16,1175131245072
16,1140392652943
16,1105889394053
16,1071618458018
16,1037576754737
16,1003761116193
16,0970168298444
16,0936794983813
16,0903637783263
16,0870693238953
16,0837957826971
16,080542796023
16,077309999153
16,0740970216766
16,0709034878284
16,0677290168368
16,0645732232852
16,0614357174849
16,0583161058576
16,055213991329
16,0521289737287
16,049060650199
16,0460086156088
16,0429724629732
16,039951783877
16,0369461689004
16,0339552080474
16,0309784911737
16,0280156084158
16,0250661506167
16,0221297097502
16,0192058793416
16,0162942548833
16,0133944342453
16,010506018079
16,0076286102136
16,0047618180443
16,001905252912
15,9990585304718
15,9962212710528
15,9933931000047
15,9905736480343
15,9877625515281
15,9849594528632
15,9821640007034
15,9793758502822
15,9765946636718
15,9738201100361
15,9710518658704
15,9682896152246
15,965533049912
15,9627818697021
15,9600357824975
15,9572945044964
15,954557760338
15,9518252832333
15,9490968150798
15,9463721065615
15,9436509172329
15,9409330155888
15,9382181791183
15,9355061943455
15,9327968568548
15,9300899713033
15,9273853514189
15,9246828199858
15,9219822088165
15,9192833587126
15,9165861194121
15,9138903495268
15,9111959164678
15,9085026963602
15,9058105739487
15,9031194424927
15,9004292036528
15,8977397673686
15,8950510517288
15,8923629828325
15,8896754946454
15,8869885288475
15,8843020346757
15,8816159687611
15,8789302949604
15,876244984183
15,8735600142143
15,8708753695348
15,8681910411363
15,8655070263349
15,8628233285824
15,8601399572747
15,8574569275594
15,8547742601421
15,8520919810917
15,8494101216452
15,8467287180128
15,844047811183
15,8413674467277
15,8386876746097
15,8360085489894
15,8333301280343
15,8306524737294
15,8279756516902
15,8252997309769
15,8226247839118
15,8199508858989
15,8172781152458
15,8146065529893
15,811936282723
15,8092673904295
15,8065999643144
15,8039340946444
15,8012698735895
15,7986073950672
15,7959467545925
15,7932880491298
15,7906313769495
15,7879768374887
15,7853245312149
15,7826745594948
15,7800270244658
15,7773820289127
15,7747396761474
15,7721000698929
15,7694633141718
15,7668295131976
15,7641987712711
15,7615711926799
15,7589468816021
15,7563259420136
15,7537084775998
15,7510945916698
15,7484843870756
15,7458779661342
15,7432754305532
15,7406768813603
15,7380824188359
15,7354921424492
15,7329061507977
15,7303245415497
15,7277474113899
15,7251748559685
15,7226069698527
15,7200438464819
15,7174855781249
15,7149322558403
15,7123839694398
15,7098408074534
15,7073028570982
15,7047702042486
15,7022429334093
15,6997211276909
15,6972048687875
15,6946942369559
15,6921893109978
15,6896901682435
15,6871968845375
15,6847095342261
15,6822281901466
15,6797529236185
15,6772838044359
15,6748209008624
15,6723642796258
15,6699140059162
15,6674701433842
15,6650327541407
15,6626018987583
15,6601776362733
15,6577600241895
15,6553491184826
15,6529449736057
15,650547642496
15,6481571765822
15,6457736257928
15,6433970385655
15,6410274618568
15,6386649411529
15,6363095204811
15,6339612424215
15,63162014812
15,6292862773013
15,6269596682826
15,6246403579875
15,6223283819613
15,6200237743852
15,6177265680926
15,615436794584
15,6131544840439
15,6108796653566
15,6086123661232
15,6063526126783
15,6041004301071
15,601855842263
15,5996188717845
15,5973895401133
15,5951678675116
15,5929538730803
15,5907475747764
15,5885489894314
15,5863581327689
15,584175019423
15,5819996629558
15,5798320758759
15,577672269656
15,5755202547511
15,5733760406161
15,5712396357241
15,5691110475838
15,566990282757
15,564877346877
15,562772244665
15,5606749799483
15,5585855556772
15,5565039739423
15,5544302359914
15,5523643422461
15,5503062923189
15,5482560850298
15,5462137184222
15,5441791897796
15,5421524956414
15,5401336318189
15,538122593411
15,5361193748197
15,5341239697656
15,5321363713027
15,5301565718337
15,5281845631248
15,5262203363202
15,5242638819563
15,5223151899764
15,5203742497441
15,5184410500577
15,5165155791635
15,5145978247691
15,5126877740571
15,5107854136976
15,5088907298614
15,5070037082324
15,5051243340203
15,5032525919723
15,501388466386
15,4995319411203
15,4976829996078
15,495841624866
15,4940077995084
15,4921815057556
15,4903627254467
15,4885514400493
15,4867476306704
15,4849512780669
15,4831623626551
15,4813808645215
15,4796067634319
15,4778400388414
15,4760806699038
15,4743286354806
15,4725839141506
15,470846484218
15,4691163237223
15,4673934104457
15,4656777219224
15,4639692354465
15,46226792808
15,4605737766611
15,4588867578115
15,4572068479447
15,4555340232728
15,4538682598144
15,4522095334013
15,4505578196859
15,4489130941482
15,4472753321022
15,4456445087026
15,4440205989515
15,4424035777048
15,4407934196781
15,439190099453
15,4375935914831
15,4360038700997
15,4344209095179
15,4328446838415
15,4312751670693
15,4297123330998
15,4281561557368
15,4266066086945
15,4250636656024
15,4235273000104
15,4219974853933
15,4204741951559
15,4189574026374
15,4174470811157
15,4159432038121
15,4144457438955
15,4129546744867
15,4114699686621
15,4099915994583
15,4085195398755
15,4070537628818
15,4055942414164
15,4041409483938
15,4026938567072
15,4012529392315
15,3998181688276
15,3983895183451
15,3969669606255
15,3955504685059
15,3941400148216
15,3927355724092
15,3913371141099
15,3899446127719
15,3885580412535
15,3871773724258
15,3858025791754
15,3844336344067
15,3830705110449
15,3817131820383
15,3803616203604
15,3790157990129
15,3776756910274
15,3763412694677
15,3750125074326
15,3736893780572
15,3723718545155
15,371059910022
15,3697535178342
15,3684526512541
15,3671572836301
15,3658673883589
15,3645829388873
15,3633039087138
15,3620302713903
15,3607620005236
15,3594990697774
15,3582414528733
15,3569891235924
15,3557420557771
15,3545002233322
15,3532636002262
15,3520321604928
15,3508058782322
15,349584727612
15,348368682869
15,3471577183099
15,3459518083124
15,3447509273268
15,3435550498764
15,3423641505592
15,3411782040483
15,3399971850933
15,3388210685209
15,3376498292362
15,3364834422231
15,3353218825456
15,3341651253482
15,3330131458572
15,3318659193807
15,3307234213103
15,3295856271208
15,3284525123717
15,3273240527075
15,3262002238581
15,3250810016399
15,3239663619561
15,3228562807972
15,3217507342416
15,3206496984563
15,3195531496972
15,3184610643095
15,3173734187282
15,3162901894788
15,3152113531773
15,3141368865309
15,313066766338
15,3120009694891
15,3109394729667
15,3098822538456
15,3088292892936
15,3077805565713
15,3067360330326
15,305695696125
15,3046595233898
15,3036274924622
15,3025995810714
15,3015757670413
15,3005560282902
15,2995403428308
15,298528688771
15,2975210443135
15,2965173877561
15,2955176974917
15,2945219520085
15,29353012989
15,2925422098153
15,2915581705586
15,29057799099
15,2896016500747
15,2886291268738
15,2876604005439
15,286695450337
15,2857342556006
15,2847767957781
15,283823050408
15,2828729991244
15,2819266216568
15,28098389783
15,2800448075641
15,2791093308745
15,2781774478714
15,2772491387604
15,2763243838417
15,2754031635105
15,2744854582567
15,2735712486645
15,2726605154129
15,271753239275
15,270849401118
15,2699489819031
15,2690519626856
15,2681583246141
15,267268048931
15,2663811169719
15,2654975101656
15,2646172100337
15,2637401981907
15,2628664563438
15,2619959662923
15,2611287099277
15,2602646692336
15,2594038262852
15,2585461632492
15,2576916623836
15,2568403060373
15,2559920766502
15,2551469567526
15,2543049289653
15,2534659759988
15,2526300806539
15,2517972258206
15,2509673944783
15,2501405696953
15,249316734629
15,248495872525
15,247677966717
15,2468630006271
15,2460509577648
15,2452418217268
15,2444355761973
15,243632204947
15,2428316918332
15,2420340207996
15,2412391758756
15,2404471411764
15,2396579009024
15,2388714393393
15,2380877408571
15,2373067899108
15,2365285710391
15,2357530688645
15,2349802680935
15,2342101535151
15,2334427100017
15,2326779225082
15,2319157760714
15,2311562558106
15,2303993469262
15,2296450347002
15,2288933044954
15,2281441417555
15,2273975320041
15,2266534608453
15,2259119139625
15,2251728771187
15,2244363361558
15,2237022769943
15,2229706856333
15,2222415481499
15,2215148506986
15,2207905795117
15,2200687208983
15,2193492612443
15,218632187012
15,2179174847395
15,2172051410411
15,2164951426061
15,2157874761989
15,2150821286588
15,2143790868993
15,2136783379082
15,2129798687466
15,2122836665493
15,2115897185241
15,2108980119515
15,2102085341844
15,2095212726478
15,2088362148381
15,2081533483236
15,2074726607431
15,2067941398066
15,2061177732942
15,205443549056
15,2047714550121
15,2041014791518
15,2034336095333
15,2027678342838
15,2021041415988
