231,15135327113
193,169521680782
182,597107672219
174,259668824272
167,532506312187
161,755542882812
156,151971994911
150,112728124113
143,211024836532
135,233731308746
126,246290194292
116,611156676821
106,881308991183
97,6020055692726
89,1476168889636
81,6777848887566
75,1887004155899
69,5895561162473
64,7602994340157
60,5827671682939
56,9531000811054
53,7844089481412
51,005411661736
48,557886498817
46,3941204837153
44,4747367914466
42,7669573373308
41,2432450801438
39,8802480876183
38,6579764056223
37,5591592223514
36,5687447399771
35,6735158498982
34,861800959222
34,1232620095145
33,4487422788916
32,8301565807442
32,260407356397
31,7333126282069
31,2435356879413
30,7865109206097
30,3583642909621
29,9558300107976
29,5761665115387
29,2170752372876
28,8766253269702
28,5531863691858
28,2453704083111
27,9519834653847
27,6719861245852
27,404462262495
27,1485947483209
26,9036468753787
26,6689483434701
26,4438847468041
26,2278896911041
26,0204388369226
25,8210453258101
25,6292561827665
25,4446493995484
25,2668314900075
25,0954353737597
24,930118491946
24,7705610924331
24,616464644875
24,4675503614298
24,3235578087954
24,1842436032939
24,049380184239
23,9187546626547
23,7921677432105
23,6694327174249
23,5503745260441
23,4348288882156
23,3226414947541
23,213667262502
23,1077696465543
23,0048200069624
22,9046970264422
22,8072861756028
22,7124792222492
22,6201737814081
22,5302729028483
22,4426846930264
22,3573219685587
22,2741019385011
22,1929459129139
22,1137790353686
22,0365300372444
21,9611310118382
21,8875172064805
21,8156268310123
21,7454008811262
21,6767829752158
21,6097192035029
21,5441579883339
21,4800499546408
21,4173478096626
21,3560062311105
21,2959817630409
21,2372327187737
21,1797190902569
21,1234024633395
21,068245938465
21,0142140563474
20,9612727282319
20,9093891703827
20,8585318424717
20,8086703895752
20,7597755875101
20,711819291268
20,6647743863256
20,6186147426304
20,573315171079
20,528851382318
20,4851999477165
20,4423382623673
20,4002445099883
20,3588976296051
20,3182772839053
20,2783638291622
20,2391382866366
20,2005823153675
20,1626781862739
20,1254087574914
20,0887574508752
20,0527082296049
20,0172455768307
19,9823544753051
19,9480203879474
19,9142292392917
19,8809673977732
19,848221658808
19,8159792286277
19,7842277088289
19,7529550816027
19,7221496956106
19,6918002524733
19,6618957938444
19,6324256890395
19,603379623193
19,5747475859188
19,5465198604505
19,5186870132369
19,4912398839731
19,4641695760459
19,4374674473739
19,411125101624
19,385134379788
19,3594873521004
19,3341763102841
19,3091937601074
19,284532414239
19,2601851853868
19,2361451797082
19,2124056904796
19,1889601920129
19,1658023338092
19,1429259349376
19,1203249786304
19,0979936070846
19,0759261164603
19,0541169520684
19,032560703738
19,0112521013574
18,9901860105791
18,9693574286832
18,9487614805931
18,9283934150341
18,9082486008327
18,8883225233466
18,8686107810243
18,8491090820842
18,8298132413123
18,8107191769711
18,7918229078162
18,7731205502151
18,7546083153662
18,7362825066111
18,7181395168387
18,7001758259766
18,6823879985657
18,6647726814165
18,6473266013407
18,6300465629596
18,6129294465823
18,5959722061525
18,5791718672625
18,5625255252293
18,546030343233
18,5296835505129
18,5134824406212
18,4974243697305
18,4815067549936
18,4657270729549
18,4500828580092
18,4345717009081
18,4191912473118
18,403939196384
18,3888132994292
18,3738113585706
18,3589312254669
18,3441708000673
18,3295280294023
18,315000906411
18,3005874688008
18,2862857979414
18,2720940177895
18,2580102938452
18,2440328321371
18,2301598782373
18,2163897163022
18,2027206681428
18,1891510923188
18,1756793832587
18,1623039704045
18,1490233173794
18,1358359211788
18,1227403113829
18,1097350493914
18,0968187276782
18,0839899690668
18,0712474260251
18,0585897799784
18,0460157406421
18,0335240453705
18,0211134585245
18,0087827708544
17,9965307989004
17,9843563844079
17,9722583937579
17,9602357174136
17,9482872693795
17,936411986676
17,9246088288266
17,9128767773591
17,9012148353186
17,889622026794
17,8780973964558
17,8666400091057
17,8552489492383
17,8439233206128
17,8326622458363
17,8214648659573
17,8103303400692
17,799257844924
17,7882465745551
17,7772957399105
17,7664045684932
17,7555723040128
17,7447982060436
17,7340815496922
17,7234216252731
17,7128177379918
17,7022692076358
17,691775368273
17,6813355679577
17,6709491684431
17,6606155449011
17,6503340856483
17,6401041918791
17,629925277405
17,6197967683993
17,6097181031487
17,5996887318102
17,5897081161738
17,5797757294309
17,5698910559473
17,5600535910421
17,5502628407719
17,5405183217182
17,5308195607826
17,5211660949827
17,5115574712568
17,5019932462688
17,4924729862208
17,4829962666676
17,4735626723362
17,464171796949
17,4548232430507
17,4455166218388
17,436251552998
17,4270276645376
17,4178445926328
17,4087019814685
17,399599483087
17,3905367572387
17,3815134712348
17,3725292998043
17,3635839249527
17,354677035824
17,345808328565
17,3369775061921
17,3281842784611
17,3194283617385
17,3107094788758
17,3020273590857
17,2933817378206
17,2847723566529
17,2761989631577
17,2676613107969
17,259159158806
17,2506922720816
17,2422604210716
17,2338633816664
17,2255009350924
17,217172867806
17,2088789713905
17,200619042453
17,1923928825237
17,1842002979561
17,1760410998286
17,1679151038472
17,1598221302495
17,1517620037095
17,1437345532444
17,135739612121
17,1277770177647
17,1198466116676
17,1119482392996
17,1040817500188
17,0962469969831
17,0884438370631
17,0806721307552
17,0729317420955
17,0652225385748
17,0575443910538
17,0498971736793
17,0422807638007
17,0346950418871
17,0271398914453
17,0196151989381
17,0121208537031
17,004656747872
16,9972227762902
16,9898188364375
16,9824448283487
16,9751006545346
16,9677862199036
16,9605014316838
16,9532461993456
16,946020434524
16,9388240509424
16,9316569643358
16,9245190923749
16,9174103545907
16,9103306722991
16,9032799685262
16,896258167934
16,8892651967461
16,8823009826747
16,8753654548472
16,8684585437337
16,8615801810747
16,8547302998097
16,8479088340059
16,8411157187876
16,8343508902663
16,8276142854712
16,8209058422801
16,8142254993517
16,8075731960575
16,8009488724156
16,7943524690242
16,7877839269962
16,7812431878951
16,7747301936711
16,7682448865983
16,7617872092133
16,7553571042538
16,748954514599
16,7425793832115
16,7362316530784
16,7299112671564
16,7236181683151
16,7173522992843
16,7111136026005
16,7049020205562
16,69871749515
16,6925599680382
16,6864293804878
16,680325673332
16,6742487869259
16,6681986611053
16,6621752351462
16,656178447727
16,650208236892
16,6442645400169
16,6383472937762
16,6324564341135
16,6265918962123
16,6207536144707
16,6149415224768
16,6091555529872
16,6033956379078
16,5976617082763
16,5919536942476
16,5862715250816
16,5806151291333
16,5749844338451
16,5693793657424
16,5637998504307
16,5582458125964
16,5527171760089
16,5472138635267
16,5417357971049
16,5362828978061
16,5308550858134
16,5254522804464
16,5200744001796
16,5147213626637
16,5093930847486
16,5040894825106
16,49881047128
16,4935559656733
16,4883258796261
16,4831201264298
16,4779386187694
16,4727812687647
16,4676479880131
16,4625386876343
16,457453278318
16,4523916703725
16,4473537737759
16,4423394982292
16,4373487532097
16,4323814480282
16,4274374918856
16,4225167939317
16,4176192633256
16,4127448092957
16,4078933412023
16,4030647685993
16,3982590012979
16,3934759494294
16,3887155235094
16,3839776345006
16,3792621938771
16,374569113687
16,3698983066152
16,3652496860451
16,3606231661194
16,3560186618002
16,3514360889272
16,3468753642744
16,3423364056052
16,3378191317259
16,333323462536
16,3288493190769
16,3243966235779
16,3199652994992
16,3155552715717
16,3111664658339
16,3067988096651
16,3024522318154
16,2981266624309
16,2938220330764
16,2895382767522
16,2852753279079
16,2810331224509
16,2768115977505
16,272610692637
16,2684303473963
16,2642705037586
16,2601311048825
16,2560120953339
16,2519134210587
16,2478350293511
16,2437768688156
16,2397388893235
16,2357210419643
16,2317232789911
16,2277455537603
16,2237878206657
16,2198500350679
16,2159321532166
16,2120341321692
16,2081559297025
16,2042975042208
16,2004588146573
16,1966398203717
16,1928404810426
16,1890607565551
16,1853006068847
16,1815599919759
16,1778388716183
16,1741372053177
16,1704549521642
16,1667920706982
16,1631485187715
16,1595242534079
16,1559192306607
16,152333405468
16,1487667315075
16,1452191610497
16,1416906448099
16,1381811318006
16,1346905691839
16,131218902124
16,1277660736404
16,124332024463
16,1209166928887
16,1175200146399
16,1141419227252
16,1107823473043
16,1074412155549
16,104118451544
16,1008139761034
16,0975277067098
16,0942595573695
16,0910094385089
16,0877772568706
16,0845629154153
16,0813663132303
16,0781873454452
16,0750259031539
16,0718818733441
16,0687551388353
16,0656455782233
16,0625530658339
16,0594774716847
16,056418661455
16,0533764964651
16,0503508336633
16,0473415256238
16,0443484205511
16,0413713622961
16,0384101903793
16,0354647400244
16,0325348422008
16,0296203236748
16,0267210070706
16,0238367109398
16,0209672498397
16,0181124344208
16,0152720715224
16,012445964277
16,0096339122228
16,0068357114234
16,0040511545969
16,0012800312502
15,9985221278225
15,9957772278341
15,9930451120427
15,9903255586052
15,9876183432454
15,9849232394274
15,9822400185336
15,9795684500475
15,9769083017408
15,974259339864
15,9716213293405
15,9689940339639
15,9663772165968
15,9637706393732
15,9611740639009
15,9585872514663
15,9560099632389
15,9534419604772
15,9508830047334
15,9483328580582
15,9457912832042
15,9432580438287
15,9407329046932
15,9382156318623
15,9357059928992
15,9332037570582
15,9307086954744
15,9282205813494
15,9257391901329
15,9232642997006
15,9207956905268
15,918333145853
15,9158764518503
15,9134253977776
15,9109797761335
15,9085393828025
15,9061040171953
15,903673482383
15,901247585225
15,8988261364904
15,8964089509726
15,8939958475977
15,8915866495257
15,8891811842453
15,8867792836616
15,8843807841767
15,881985526764
15,879593357035
15,8772041252995
15,8748176866191
15,8724339008535
15,8700526327001
15,8676737517275
15,8652971324019
15,8629226541069
15,8605502011574
15,8581796628072
15,8558109332497
15,853443911614
15,851078501954
15,8487146132323
15,8463521592987
15,843991058863
15,8416312354633
15,8392726174287
15,8369151378374
15,8345587344704
15,8322033497606
15,8298489307382
15,8274954289711
15,8251428005027
15,8227910057851
15,8204400096097
15,8180897810344
15,8157402933071
15,8133915237879
15,8110434538672
15,8086960688824
15,8063493580319
15,8040033142879
15,801657934306
15,7993132183347
15,7969691701223
15,7946257968235
15,7922831089039
15,7899411200448
15,787599847046
15,7852593097288
15,7829195308386
15,7805805359469
15,7782423533532
15,7759050139869
15,7735685513096
15,7712330012175
15,7688984019442
15,7665647939636
15,7642322198944
15,7619007244043
15,7595703541159
15,7572411575124
15,7549131848458
15,7525864880449
15,7502611206252
15,7479371375995
15,7456145953908
15,7432935517452
15,7409740656476
15,7386561972379
15,7363400077293
15,7340255593278
15,731712915154
15,7294021391655
15,7270932960824
15,7247864513128
15,722481670882
15,7201790213615
15,7178785698017
15,7155803836646
15,7132845307599
15,7109910791818
15,7087000972478
15,7064116534403
15,7041258163483
15,7018426546127
15,699562236872
15,6972846317108
15,6950099076092
15,692738132895
15,6904693756965
15,6882037038981
15,6859411850971
15,6836818865618
15,6814258751924
15,6791732174824
15,6769239794823
15,6746782267646
15,6724360243907
15,6701974368789
15,6679625281744
15,6657313616203
15,6635039999306
15,6612805051641
15,6590609386998
15,6568453612145
15,65463383266
15,6524264122437
15,6502231584085
15,6480241288155
15,6458293803269
15,6436389689905
15,6414529500255
15,6392713778087
15,6370943058627
15,6349217868444
15,6327538725349
15,6305906138304
15,6284320607336
15,6262782623469
15,6241292668651
15,6219851215708
15,6198458728287
15,6177115660821
15,6155822458496
15,6134579557225
15,6113387383633
15,6092246355041
15,6071156879468
15,6050119355627
15,6029134172936
15,6008201711534
15,5987322342294
15,5966496426853
15,5945724317639
15,5925006357906
15,5904342881775
15,5883734214273
15,5863180671384
15,5842682560099
15,5822240178473
15,580185381568
15,578152375208
15,576125025928
15,5741033600205
15,5720874029166
15,5700771791939
15,5680727125835
15,5660740259783
15,5640811414406
15,5620940802111
15,5601128627164
15,5581375085786
15,5561680366233
15,5542044648888
15,5522468106354
15,5502950903542
15,5483493197765
15,5464095138834
15,544475686915
15,5425478523801
15,5406260230658
15,5387102110473
15,5368004276972
15,5348966836957
15,5329989890405
15,531107353056
15,5292217844039
15,5273422910925
15,5254688804866
15,5236015593178
15,5217403336938
15,5198852091086
15,5180361904521
15,5161932820197
15,5143564875225
15,5125258100968
15,5107012523135
15,5088828161881
15,5070705031899
15,5052643142518
15,5034642497796
15,5016703096614
15,4998824932769
15,4981007995068
15,4963252267417
15,4945557728915
15,492792435394
15,4910352112244
15,4892840969039
15,4875390885083
15,485800181677
15,4840673716214
15,4823406531337
15,480620020595
15,4789054679839
15,4771969888843
15,4754945764946
15,4737982236343
15,4721079227534
15,4704236659392
15,4687454449247
15,4670732510961
15,4654070755002
15,4637469088524
15,4620927415435
15,4604445636474
15,458802364928
15,4571661348467
15,4555358625691
15,4539115369718
15,4522931466497
15,4506806799221
15,4490741248399
15,4474734691916
15,4458787005102
15,4442898060791
15,4427067729387
15,4411295878924
15,4395582375123
15,4379927081459
15,4364329859213
15,4348790567534
15,4333309063491
15,4317885202134
15,4302518836548
15,4287209817902
15,427195799551
15,4256763216877
15,4241625327754
15,4226544172188
15,4211519592571
15,4196551429689
15,418163952277
15,4166783709533
15,4151983826232
15,4137239707705
15,4122551187414
15,4107918097494
15,4093340268792
15,4078817530915
15,4064349712266
15,4049936640087
15,4035578140504
15,4021274038558
15,4007024158251
15,3992828322581
15,397868635358
15,396459807235
15,3950563299103
15,393658185319
15,392265355314
15,3908778216695
15,389495566084
15,3881185701837
15,3867468155261
15,3853802836024
15,3840189558415
15,3826628136122
15,3813118382268
15,3799660109437
15,3786253129703
15,3772897254659
15,3759592295446
15,3746338062774
15,3733134366957
15,3719981017933
15,3706877825289
15,369382459829
15,3680821145902
15,3667867276813
15,3654962799459
15,3642107522049
15,3629301252581
15,3616543798872
15,3603834968574
15,3591174569194
15,3578562408123
15,3565998292645
15,3553482029965
15,3541013427227
15,3528592291528
15,3516218429944
15,3503891649543
15,3491611757403
15,3479378560632
15,3467191866383
15,3455051481872
15,3442957214392
15,3430908871332
15,341890626019
15,340694918859
15,3395037464294
15,338317089522
15,3371349289457
15,3359572455271
15,3347840201129
15,3336152335707
15,3324508667901
15,3312909006843
15,3301353161913
15,328984094275
15,3278372159264
15,3266946621647
15,3255564140387
15,3244224526275
15,3232927590418
15,3221673144249
15,3210460999535
15,3199290968393
15,3188162863292
15,3177076497068
15,316603168293
15,3155028234471
15,3144065965675
15,3133144690928
15,3122264225021
15,3111424383167
15,3100624980998
15,3089865834583
15,3079146760425
15,306846757548
15,3057828097153
15,3047228143312
15,3036667532292
15,3026146082899
15,3015663614423
15,3005219946638
15,299481489981
15,2984448294703
15,2974119952583
15,2963829695228
15,2953577344925
15,2943362724485
15,2933185657239
15,2923045967049
15,291294347831
15,2902878015953
15,2892849405452
15,288285747283
15,2872902044655
15,2862982948053
15,2853100010708
15,2843253060863
15,2833441927328
15,2823666439481
15,2813926427271
15,2804221721223
15,279455215244
15,2784917552604
15,2775317753982
15,2765752589426
15,2756221892378
15,274672549687
15,2737263237527
15,2727834949572
15,2718440468825
15,2709079631703
15,2699752275228
15,2690458237025
15,2681197355324
15,2671969468961
15,2662774417383
15,2653612040645
15,2644482179413
15,2635384674969
15,2626319369204
15,2617286104627
15,2608284724365
15,2599315072157
15,2590376992364
15,2581470329964
15,2572594930555
15,2563750640355
15,2554937306204
15,2546154775561
15,2537402896509
15,2528681517752
15,2519990488616
15,2511329659051
15,250269887963
15,2494098001548
15,2485526876624
15,2476985357301
15,2468473296643
15,2459990548339
15,2451536966701
15,2443112406664
15,2434716723784
15,2426349774241
15,2418011414835
15,240970150299
15,2401419896749
15,2393166454777
15,2384941036359
15,2376743501398
15,2368573710418
15,236043152456
15,2352316805582
15,2344229415861
15,2336169218387
15,2328136076768
15,2320129855224
15,231215041859
15,2304197632313
15,2296271362451
15,2288371475673
15,2280497839257
15,2272650321091
15,2264828789668
15,2257033114088
15,2249263164057
15,2241518809883
15,2233799922479
15,2226106373357
15,221843803463
15,221079477901
15,2203176479806
15,2195583010923
15,218801424686
15,2180470062712
