378,443177260014
378,443177260014
375,284534627117
363,576884646443
363,576884646443
332,163819256616
306,267486387951
306,267486387951
306,267486387951
306,267486387951
299,137890395007
299,137890395007
299,137890395007
299,137890395007
299,137890395007
260,914934620409
260,914934620409
260,914934620409
258,055722573057
258,055722573057
221,090764190995
189,389309633334
189,389309633334
189,389309633334
189,389309633334
189,389309633334
189,389309633334
189,389309633334
189,389309633334
189,389309633334
189,389309633334
189,389309633334
189,389309633334
189,389309633334
189,389309633334
189,389309633334
189,389309633334
189,389309633334
189,389309633334
183,480762377653
183,480762377653
183,480762377653
183,480762377653
183,124514789838
183,124514789838
180,2779807576
180,2779807576
153,346293970656
153,346293970656
153,346293970656
153,346293970656
153,346293970656
153,346293970656
153,346293970656
153,346293970656
153,346293970656
153,346293970656
153,346293970656
153,346293970656
153,346293970656
153,346293970656
153,346293970656
153,346293970656
153,346293970656
153,346293970656
153,346293970656
153,346293970656
153,346293970656
153,346293970656
153,346293970656
153,346293970656
153,346293970656
153,346293970656
153,346293970656
153,346293970656
153,346293970656
153,346293970656
153,346293970656
153,346293970656
153,346293970656
153,346293970656
153,346293970656
153,346293970656
153,346293970656
153,346293970656
153,346293970656
153,346293970656
153,346293970656
153,346293970656
153,346293970656
153,346293970656
153,346293970656
150,038651463125
150,038651463125
150,038651463125
150,038651463125
149,965025505605
149,965025505605
149,965025505605
148,725584202476
148,65170122019
148,65170122019
148,65170122019
148,583628404189
148,583628404189
148,583628404189
148,583628404189
148,583628404189
148,583628404189
148,583628404189
148,509898975857
148,509898975857
148,509898975857
148,509898975857
148,509898975857
148,509898975857
148,509898975857
148,509898975857
148,509898975857
148,509898975857
148,509898975857
148,509898975857
148,509898975857
148,509898975857
148,509898975857
148,509898975857
148,509898975857
148,354907039049
148,354907039049
148,354907039049
148,354907039049
148,354907039049
148,354907039049
148,354907039049
148,354907039049
148,301114393763
148,301114393763
148,301114393763
148,301114393763
147,700251134824
147,700251134824
147,700251134824
147,700251134824
147,54131230306
147,491396174795
147,491396174795
147,331703926782
147,331703926782
147,211086881892
147,211086881892
147,211086881892
147,211086881892
143,049079641629
143,049079641629
143,049079641629
143,049079641629
143,049079641629
143,049079641629
143,049079641629
143,049079641629
143,049079641629
143,049079641629
143,049079641629
143,049079641629
143,049079641629
138,877903269355
138,877903269355
138,877903269355
138,877903269355
138,877903269355
138,877903269355
136,63438282023
136,63438282023
136,63438282023
136,615619780072
136,615619780072
136,615619780072
136,615619780072
125,794737812326
123,115595471415
123,083438108044
123,083438108044
123,083438108044
123,083438108044
123,083438108044
123,083438108044
123,083438108044
123,082277097357
123,082277097357
123,082277097357
123,082277097357
123,082277097357
123,082277097357
123,082277097357
123,082277097357
123,082277097357
123,082277097357
123,082277097357
123,082277097357
123,082277097357
123,082277097357
123,082277097357
123,082277097357
123,082277097357
123,082277097357
123,082277097357
123,082277097357
123,082277097357
123,082277097357
123,082277097357
123,082277097357
123,082277097357
123,082277097357
123,082277097357
123,082277097357
123,082277097357
123,082277097357
123,082277097357
123,082277097357
123,082277097357
123,082277097357
123,082277097357
123,082277097357
123,082277097357
123,082277097357
123,082277097357
123,082277097357
123,082277097357
123,082277097357
123,082277097357
123,082277097357
123,082277097357
121,71768487142
121,71768487142
121,71768487142
121,71768487142
121,71768487142
121,71768487142
121,71768487142
121,71768487142
121,71768487142
121,71768487142
121,71768487142
121,71768487142
121,71768487142
121,71768487142
121,71768487142
121,71768487142
121,71768487142
121,71768487142
121,71768487142
121,71768487142
121,71768487142
121,71768487142
121,71768487142
121,71768487142
121,71768487142
121,71768487142
121,71768487142
121,71768487142
121,71768487142
121,71768487142
121,71768487142
121,452869226712
121,452869226712
121,452869226712
121,452869226712
121,452869226712
121,452869226712
121,452869226712
121,452869226712
121,452869226712
121,452869226712
121,452869226712
121,452869226712
121,452869226712
121,452869226712
121,452869226712
121,452869226712
121,452869226712
121,452869226712
121,452462469537
121,452462469537
121,452462469537
121,452462469537
121,452462469537
121,452462469537
121,452462469537
121,452462469537
121,452462469537
121,452462469537
121,452462469537
121,452462469537
121,452462469537
121,452462469537
121,452462469537
121,452462469537
121,452462469537
121,452462469537
121,452462469537
121,452462469537
121,452462469537
121,452462469537
121,452462469537
121,452462469537
121,452462469537
121,452462469537
121,452462469537
121,452462469537
121,452462469537
121,452462469537
121,452462469537
121,452462469537
121,452462469537
121,452462469537
120,275902667081
120,275902667081
120,275902667081
120,275902667081
120,275902667081
120,275902667081
120,275902667081
120,275902667081
120,275902667081
120,275902667081
120,275902667081
120,275902667081
120,275902667081
120,275902667081
120,275902667081
120,275902667081
120,275902667081
120,275902667081
120,275902667081
120,275902667081
120,275144985275
120,275144985275
120,275144985275
120,275144985275
120,275144985275
120,275144985275
120,275144985275
120,275144985275
120,275144985275
120,275144985275
120,275144985275
120,275144985275
120,275144985275
120,275144985275
120,275144985275
120,275144985275
120,275144985275
120,275144985275
120,275144985275
120,275144985275
120,275144985275
120,275144985275
119,989938866505
119,989938866505
119,989938866505
119,989938866505
119,989938866505
119,989938866505
119,989938866505
119,989938866505
119,989938866505
118,600589234861
118,600589234861
112,537315067195
112,537315067195
112,283008687993
112,283008687993
112,283008687993
112,283008687993
112,283008687993
112,283008687993
112,283008687993
112,283008687993
112,283008687993
112,283008687993
112,283008687993
112,283008687993
112,283008687993
112,283008687993
112,283008687993
112,283008687993
112,283008687993
112,283008687993
112,283008687993
112,283008687993
112,283008687993
112,283008687993
112,283008687993
112,283008687993
112,283008687993
112,283008687993
112,283008687993
112,283008687993
112,283008687993
112,283008687993
112,283008687993
112,283008687993
112,283008687993
112,283008687993
112,283008687993
112,283008687993
112,283008687993
112,283008687993
112,283008687993
112,283008687993
112,283008687993
112,283008687993
112,2716863648
112,2716863648
112,2716863648
112,2716863648
112,2716863648
112,2716863648
112,2716863648
112,2716863648
112,2716863648
112,2716863648
112,2716863648
112,2716863648
112,2716863648
112,2716863648
112,2716863648
112,2716863648
112,2716863648
112,2716863648
112,2716863648
107,675380922299
107,675380922299
107,675380922299
107,675380922299
107,675380922299
107,675380922299
107,675380922299
107,675380922299
107,675380922299
107,675380922299
107,675380922299
107,675380922299
107,675380922299
107,675380922299
107,675380922299
107,675380922299
107,675380922299
107,645572887877
107,645572887877
107,645572887877
107,645572887877
107,645572887877
107,645572887877
107,645572887877
107,645572887877
107,527110882454
107,527110882454
107,527110882454
107,527110882454
107,527110882454
107,527110882454
107,527110882454
107,521413671304
107,521413671304
107,521413671304
107,521413671304
107,521413671304
107,521413671304
107,521413671304
107,521413671304
107,521413671304
107,521413671304
107,521413671304
107,521413671304
107,521413671304
107,521413671304
107,515687872796
107,515687872796
107,515687872796
107,515687872796
107,515687872796
106,128043443456
106,128043443456
106,128043443456
106,128043443456
106,125225969978
106,125225969978
106,125225969978
106,125225969978
106,125225969978
106,124630729942
106,124630729942
106,124630729942
106,124630729942
106,124630729942
106,124630729942
106,124630729942
106,124630729942
106,124630729942
106,124630729942
106,124630729942
106,124630729942
106,124630729942
106,124630729942
106,124630729942
103,370712237286
103,370712237286
103,370712237286
103,370712237286
103,370712237286
103,370712237286
103,370712237286
103,370712237286
103,370712237286
103,370712237286
103,370712237286
103,370712237286
103,370712237286
103,370712237286
103,370712237286
103,370712237286
103,370712237286
103,370712237286
103,370712237286
103,370712237286
103,370712237286
103,370712237286
103,370712237286
103,370712237286
103,370712237286
103,370712237286
103,370712237286
103,370712237286
103,370712237286
103,370712237286
103,370712237286
103,370712237286
103,370712237286
103,370712237286
103,370712237286
103,370712237286
102,781988693706
102,781988693706
102,781988693706
102,781988693706
102,781988693706
102,781988693706
102,781988693706
102,781988693706
102,781988693706
102,781988693706
102,781988693706
102,781988693706
102,781988693706
102,781988693706
102,781988693706
102,781988693706
102,781988693706
102,781988693706
102,781988693706
102,781988693706
102,781988693706
102,781988693706
102,781988693706
102,781988693706
102,781988693706
102,781988693706
102,781988693706
102,781988693706
102,781988693706
102,781988693706
102,781988693706
102,781988693706
102,781988693706
102,781988693706
102,781988693706
102,781988693706
102,781988693706
102,781988693706
102,781988693706
102,781988693706
98,093661024796
97,8920544919846
97,8920544919846
97,8920544919846
97,8920544919846
97,8920544919846
97,8920544919846
97,8920544919846
97,8920544919846
97,8920544919846
97,8920544919846
97,8920544919846
96,6843221959164
96,6843221959164
96,6843221959164
96,6843221959164
96,6843221959164
96,6843221959164
96,6843221959164
96,6843221959164
96,6843221959164
96,6843221959164
95,8379368139421
95,8379368139421
95,8379368139421
95,8379368139421
95,8379368139421
95,7808937262341
95,7808937262341
95,7808937262341
95,7808937262341
95,7808937262341
95,7808937262341
95,7808937262341
95,7808937262341
95,7182494194149
95,7182494194149
95,6623333555719
95,6623333555719
95,6623333555719
95,6623333555719
95,6623333555719
95,6623333555719
95,5569743398346
95,5569743398346
95,5569743398346
95,5569743398346
95,5569743398346
95,5569743398346
95,5569743398346
94,5843824502158
94,5843824502158
94,5811910307466
94,5811910307466
94,5811910307466
94,5811910307466
94,4778240930886
94,4746653837059
94,4746653837059
94,4746653837059
94,4746653837059
94,4746653837059
94,4746653837059
94,4746653837059
94,4746653837059
94,4746653837059
94,4746653837059
94,4746653837059
94,4746653837059
94,4746653837059
94,4746653837059
94,4746653837059
94,4746653837059
94,4746653837059
94,4746653837059
94,4746653837059
94,4746653837059
94,4746653837059
94,4746653837059
94,4746653837059
94,4746653837059
94,4746653837059
94,4746653837059
94,4746653837059
94,4746653837059
94,4746653837059
94,4746653837059
94,4746653837059
94,4746653837059
94,4746653837059
94,4746653837059
94,4746653837059
94,4746653837059
94,4746653837059
94,4746653837059
94,4746653837059
94,4746653837059
94,4746653837059
94,4746653837059
94,4746653837059
94,4746653837059
94,4746653837059
94,4746653837059
94,4746653837059
94,4746653837059
94,4746653837059
94,4746653837059
94,4746653837059
94,4746653837059
94,4630690886351
94,4630690886351
94,4630690886351
94,4606346261004
94,4606346261004
94,4606346261004
94,4606346261004
94,4606346261004
94,4606346261004
94,4606346261004
94,4606346261004
94,4606346261004
94,4606346261004
93,1882309154593
93,1882309154593
93,1864267838971
93,1864267838971
93,1560766716911
93,1560766716911
93,1560766716911
93,1560766716911
93,1560766716911
93,1560766716911
93,1560766716911
93,1560766716911
93,1560766716911
93,1560766716911
92,9172077592349
92,9172077592349
92,9172077592349
92,9172077592349
92,9172077592349
92,9172077592349
92,9172077592349
92,9172077592349
92,9172077592349
92,9172077592349
92,9172077592349
92,9172077592349
92,9172077592349
92,9172077592349
92,9172077592349
92,9172077592349
92,9172077592349
92,9172077592349
92,9172077592349
92,9172077592349
92,9172077592349
92,9172077592349
92,9172077592349
92,9172077592349
92,9172077592349
92,9172077592349
92,9172077592349
92,9172077592349
92,9172077592349
92,9172077592349
92,9172077592349
92,9172077592349
92,9172077592349
92,9172077592349
92,9172077592349
92,9172077592349
92,9172077592349
92,9172077592349
92,9172077592349
92,9172077592349
92,9172077592349
92,9172077592349
92,9172077592349
92,9172077592349
92,9172077592349
92,9172077592349
92,9172077592349
92,9172077592349
92,9172077592349
92,9172077592349
92,9172077592349
92,9172077592349
92,9172077592349
92,9172077592349
92,8907651129037
92,8907651129037
92,8907651129037
92,8907651129037
92,8907651129037
92,8907651129037
92,8907651129037
92,8907651129037
92,8907651129037
92,8907651129037
92,8893840739768
92,8893840739768
92,8893840739768
92,8585199773502
92,8585199773502
92,8585199773502
92,8585199773502
92,8585199773502
92,8585199773502
92,8585199773502
92,8585199773502
92,8585199773502
92,8585199773502
92,8585199773502
92,8585199773502
92,8585199773502
92,8585199773502
92,8585199773502
92,8585199773502
92,8585199773502
92,8585199773502
92,8585199773502
92,8585199773502
92,8585199773502
92,8585199773502
92,8585199773502
92,8585199773502
92,8585199773502
92,8585199773502
92,8585199773502
92,8585199773502
92,8585199773502
89,3536052839186
89,3536052839186
89,3536052839186
89,3536052839186
89,3536052839186
89,3536052839186
89,3536052839186
89,3536052839186
89,3536052839186
89,3536052839186
89,3536052839186
89,3536052839186
89,3536052839186
89,3536052839186
89,3536052839186
89,3536052839186
89,3536052839186
89,3536052839186
89,3536052839186
89,3536052839186
89,3536052839186
89,3536052839186
89,3536052839186
89,3536052839186
89,3536052839186
89,3536052839186
89,3536052839186
89,3536052839186
89,3536052839186
89,3536052839186
89,3536052839186
89,3536052839186
89,3536052839186
89,3536052839186
89,3536052839186
89,3536052839186
89,3536052839186
89,3536052839186
89,3536052839186
89,3536052839186
89,3536052839186
89,3536052839186
89,3536052839186
89,3536052839186
89,3536052839186
89,3536052839186
89,3536052839186
89,3536052839186
89,3536052839186
89,3536052839186
89,3536052839186
89,3536052839186
89,3536052839186
89,3536052839186
89,3536052839186
89,3536052839186
89,3536052839186
89,3536052839186
89,3536052839186
89,3536052839186
89,3536052839186
84,3731991705338
84,3731991705338
84,3731991705338
84,3731991705338
84,3731991705338
84,3731991705338
84,3731991705338
84,3731991705338
84,3731991705338
84,3731991705338
84,3731991705338
84,3731991705338
84,3731991705338
84,3731991705338
84,3731991705338
84,3731991705338
84,3731991705338
84,3731991705338
84,3731991705338
84,3731991705338
84,3731991705338
84,3731991705338
84,3731991705338
84,3731991705338
84,3731991705338
84,3731991705338
84,3731991705338
84,3731991705338
84,3731991705338
84,3731991705338
84,3731991705338
84,3731991705338
84,3731991705338
84,3731991705338
84,3731991705338
84,3731991705338
84,3731991705338
84,3731991705338
84,3731991705338
84,3731991705338
84,3731991705338
84,3731991705338
84,3731991705338
84,3731991705338
84,3731991705338
84,3731991705338
84,3731991705338
84,3731991705338
78,6050699255848
78,6050699255848
78,6050699255848
78,6050699255848
78,6050699255848
78,6050699255848
78,6050699255848
78,6050699255848
78,6050699255848
78,6050699255848
78,6050699255848
78,6050699255848
78,6050699255848
78,6050699255848
78,6050699255848
78,6050699255848
78,6050699255848
78,6050699255848
78,6050699255848
78,6050699255848
78,4086730963269
78,4086730963269
78,4086730963269
78,4086730963269
78,4086730963269
78,4086730963269
78,4086730963269
78,4086730963269
78,4086730963269
78,4086730963269
78,4086730963269
78,4086730963269
78,4086730963269
78,4086730963269
78,4086730963269
78,4086730963269
78,4086730963269
78,4086730963269
78,4086730963269
78,4086730963269
78,4086730963269
78,4086730963269
78,4086730963269
78,4086730963269
78,4086730963269
78,4086730963269
78,4086730963269
78,4086730963269
78,4086730963269
78,4086730963269
78,4086730963269
78,4086730963269
78,4086730963269
77,6979141875839
77,6979141875839
77,4848702167747
77,4848702167747
77,4848702167747
77,4848702167747
77,4848702167747
77,4848702167747
77,4848702167747
77,4848702167747
77,4848702167747
77,4848702167747
77,4848702167747
77,4848702167747
77,4848702167747
77,4848702167747
77,4848702167747
77,4848702167747
77,4848702167747
77,4848702167747
77,4848702167747
77,4848702167747
77,4848702167747
77,4848702167747
