0.132196 0.000181 -0.000546 0.000294 0.077541 0.000417 5.7e-005 -8e-005 -7.2e-005 0.000158 -7e-005 -0.000152 0.00086 8.4e-005 -5.6e-005 
1.84764e-005 1.23038e-008 2.4402e-008 8.02811e-009 6.26738e-005 2.63105e-008 8.69278e-009 1.60855e-008 1.79283e-008 1.1588e-008 1.55421e-007 1.51339e-008 8.97616e-005 4.7182e-008 5.53556e-009 

0.141839 0.002328 -0.00203 0.005066 0.083439 -0.000404 0.000479 0.000317 -0.000684 2.9e-005 -0.00022 7.5e-005 0.001173 -0.000139 1.1e-005 
1.86377e-005 9.24164e-008 7.6276e-008 2.67679e-007 6.21996e-005 2.84937e-008 2.18954e-008 9.64368e-008 6.55405e-008 9.78468e-009 1.60491e-007 4.53902e-007 9.07747e-005 5.37327e-008 1.65949e-009 

0.140948 0.00366 0.002228 0.00313 0.082921 0.000455 0.000335 0.000553 0.000585 -3.6e-005 -0.000186 2.9e-005 0.001175 7.3e-005 7e-006 
1.86234e-005 1.43019e-007 7.94867e-008 1.64397e-007 6.2242e-005 2.77629e-008 1.84801e-008 1.46371e-007 7.29115e-008 5.1246e-009 1.57637e-007 2.78124e-007 9.06845e-005 4.95741e-008 1.01346e-009 

0.134292 -0.001353 -0.000256 0.001235 0.079145 -0.000199 0.000304 -0.00022 -0.000119 1.5e-005 -5.9e-005 2e-006 0.001275 -3e-005 -5e-006 
1.8521e-005 4.89047e-008 1.17969e-008 6.4686e-008 6.25444e-005 1.20432e-008 1.46183e-008 5.62914e-008 1.62507e-008 7.82999e-009 1.55502e-007 1.07274e-007 9.00393e-005 2.11765e-008 5.13529e-010 

0.134114 -0.000757 0.000274 0.001505 0.079015 -0.000133 0.00023 -0.000151 0.000132 -3.8e-005 -0.000186 -1.2e-005 0.001259 1.5e-005 -2.8e-005 
1.85175e-005 2.57135e-008 7.36892e-009 7.80807e-008 6.25548e-005 6.26365e-009 1.28808e-008 3.04607e-008 8.32396e-009 6.37493e-009 1.55861e-007 1.28859e-007 9.0017e-005 9.89929e-009 2.76676e-009 

0.134556 0.001334 -0.000612 0.003824 0.079189 -0.001175 2.2e-005 -3.6e-005 -0.000363 -0.000123 -0.000149 6.5e-005 0.001098 -9.1e-005 -0.000167 
1.85216e-005 5.81838e-008 2.34178e-008 2.03116e-007 6.25419e-005 6.66736e-008 8.17817e-009 7.81387e-008 4.13573e-008 5.80329e-009 1.57587e-007 3.39213e-007 9.00443e-005 1.13978e-007 1.65889e-008 

0.135513 0.001215 0.001424 0.002948 0.079765 0.000454 1.1e-005 8e-006 0.00047 0.000138 -5.4e-005 4.9e-005 0.001126 7.9e-005 7.2e-005 
1.85372e-005 5.255e-008 4.90163e-008 1.56432e-007 6.24965e-005 2.80006e-008 7.93336e-009 6.50382e-008 4.27079e-008 9.6069e-009 1.56701e-007 2.61767e-007 9.01419e-005 4.98497e-008 7.13991e-009 

0.129741 0.000832 -0.000856 0.001726 0.076284 0.00065 0.000183 0.000135 -0.000241 -0.000123 -6.4e-005 2.8e-005 0.000999 -2.2e-005 -2.9e-005 
1.84438e-005 3.5224e-008 3.46058e-008 9.17934e-008 6.27689e-005 3.33112e-008 1.23939e-008 2.68563e-008 2.48465e-008 5.50024e-009 1.55887e-007 1.51611e-007 8.95557e-005 5.3329e-008 2.87534e-009 

0.129969 0.000289 -0.000551 0.001437 0.076368 -0.000274 0.00019 3.4e-005 -1.5e-005 3.6e-005 -3e-006 2.4e-005 0.000969 1e-005 -5.5e-005 
1.84459e-005 1.44986e-008 2.55896e-008 7.64582e-008 6.27629e-005 1.40005e-008 1.23131e-008 8.51934e-009 2.36826e-008 8.42357e-009 1.56009e-007 1.26355e-007 8.95688e-005 2.24308e-008 5.43611e-009 

0.129645 -0.001602 -0.000377 0.000901 0.076249 -0.000374 -4.3e-005 -0.000254 -7.9e-005 -0.000233 -0.000103 3.6e-005 0.001088 -6.4e-005 -0.000115 
1.84432e-005 5.90319e-008 1.72847e-008 4.90233e-008 6.27707e-005 2.3032e-008 6.094e-009 6.48774e-008 1.06103e-008 5.04593e-009 1.55386e-007 8.19501e-008 8.95516e-005 4.0684e-008 1.13635e-008 

0.131693 2.9e-005 -0.002261 0.00168 0.077187 0.00023 0.000288 -0.000129 -0.000466 -6.9e-005 -4.6e-005 0.000199 0.000969 2.7e-005 -6e-006 
1.84676e-005 7.7982e-009 8.88661e-008 9.79646e-008 6.26995e-005 1.35255e-008 1.48307e-008 1.57002e-008 7.14738e-008 7.06956e-009 1.56008e-007 1.7013e-007 8.97054e-005 2.34708e-008 6.00975e-010 

0.129918 -0.000767 -0.001343 0.00125 0.076654 -0.00082 2.2e-005 -0.000246 -0.000236 -9.9e-005 -0.000111 -3e-006 0.001299 -8.5e-005 -4.1e-005 
1.84548e-005 2.5304e-008 5.46462e-008 6.53612e-008 6.27376e-005 4.76979e-008 7.58332e-009 2.28926e-008 4.36076e-008 5.95052e-009 1.55442e-007 1.07033e-007 8.96228e-005 8.17968e-008 4.06972e-009 

0.131356 -0.001261 0.000882 0.001035 0.077401 0.000632 1e-005 -0.00044 0.000241 0.000183 -6.7e-005 6e-006 0.001243 6.8e-005 5.1e-005 
1.84744e-005 4.29625e-008 2.98883e-008 5.44777e-008 6.26806e-005 3.68816e-008 7.09544e-009 3.73295e-008 2.81747e-008 1.13827e-008 1.55325e-007 8.99767e-008 8.9746e-005 6.34212e-008 5.04432e-009 

0.133602 -0.000418 -0.001327 0.000635 0.078313 5.3e-005 0.000275 -0.000108 -0.000339 -0.000111 -8e-005 -0.000192 0.000848 3.2e-005 1.8e-005 
1.84969e-005 1.26905e-008 5.23602e-008 2.37617e-008 6.26139e-005 4.45365e-009 1.4253e-008 1.6183e-008 3.93893e-008 5.75709e-009 1.55359e-007 3.55334e-008 8.98908e-005 8.99444e-009 1.78096e-009 

0.13272 -0.001515 0.00089 0.000694 0.077828 -5.5e-005 3.9e-005 -0.000294 0.000269 -5.4e-005 -0.000156 -0.000124 0.000858 -4.9e-005 7.7e-005 
1.84841e-005 5.47354e-008 2.99429e-008 3.01325e-008 6.26514e-005 5.44942e-009 7.59046e-009 5.66685e-008 2.73619e-008 5.88885e-009 1.554e-007 4.60273e-008 8.98098e-005 1.16084e-008 7.61111e-009 

0.123454 0.000375 -0.00021 0.000959 0.072453 -0.000412 3.7e-005 -0.000198 -0.000175 0.000138 -1e-006 -5.1e-005 0.000835 -4.4e-005 -0.000118 
1.83436e-005 2.27865e-008 9.23451e-009 4.78621e-008 6.30578e-005 2.40583e-008 8.21083e-009 4.56293e-008 2.69439e-008 1.08879e-008 1.55696e-007 7.48304e-008 8.89277e-005 4.09704e-008 1.16502e-008 

0.124098 -0.000731 0.000693 0.000321 0.072847 0.000526 -4.9e-005 -0.000296 0.000228 -0.000139 -6.8e-005 5.8e-005 0.000851 6e-006 9.8e-005 
1.83538e-005 2.35746e-008 2.27436e-008 1.97292e-008 6.30286e-005 2.82142e-008 6.09453e-009 2.18656e-008 2.01027e-008 5.14463e-009 1.55274e-007 3.50216e-008 8.89915e-005 4.5628e-008 9.67687e-009 

0.125826 -0.000928 6.6e-005 0.000499 0.074007 0.000171 0.000166 -0.000158 -5e-006 -7.5e-005 -9e-005 -2e-006 0.001032 -4.5e-005 -2.3e-005 
1.83844e-005 3.29389e-008 1.1541e-009 2.60938e-008 6.29408e-005 6.84011e-009 1.09544e-008 3.77922e-008 1.1592e-008 5.87451e-009 1.55268e-007 4.22669e-008 8.91825e-005 9.77944e-009 2.27228e-009 

0.125756 -0.000869 2.5e-005 0.000542 0.07388 6e-005 0.000125 -0.00013 6.7e-005 6e-005 -9e-006 1e-005 0.001 3e-005 2.4e-005 
1.8381e-005 3.09187e-008 4.24045e-009 2.89477e-008 6.29506e-005 4.693e-009 9.93396e-009 3.79334e-008 2.93809e-009 8.6737e-009 1.55519e-007 4.74394e-008 8.91613e-005 9.33705e-009 2.3705e-009 

0.131384 -0.001332 -0.001364 0.005335 0.077286 0.001563 6e-005 -0.000606 -0.000389 3.4e-005 -7.5e-005 0.000227 0.001038 3.2e-005 5.2e-005 
1.84708e-005 4.42973e-008 5.33406e-008 2.90603e-007 6.26897e-005 8.42504e-008 8.33462e-009 4.80089e-008 3.94871e-008 9.36067e-009 1.59701e-007 4.87788e-007 8.97254e-005 1.39608e-007 5.79727e-009 

0.130146 -0.000883 0.001772 0.001154 0.07651 -0.000499 0.000185 -0.000554 0.000449 -6.4e-005 -6.2e-005 5.8e-005 0.000994 3e-006 -2.3e-005 
1.84498e-005 2.78607e-008 6.34703e-008 6.33209e-008 6.27514e-005 2.62332e-008 1.13027e-008 4.87632e-008 5.57166e-008 5.39343e-009 1.55401e-007 1.06352e-007 8.95933e-005 4.30305e-008 2.26807e-009 

0.141021 0.000225 -0.000355 0.000754 0.08332 -5.5e-005 4.3e-005 -4.7e-005 -0.000206 -0.000103 -7.5e-005 5.4e-005 0.001453 4.5e-005 -3e-006 
1.86353e-005 1.32422e-008 1.48317e-008 4.20567e-008 6.22083e-005 8.09398e-010 8.44777e-009 1.42534e-008 2.61433e-008 5.57993e-009 1.55605e-007 7.28161e-008 9.07574e-005 4.247e-009 2.96607e-010 

0.141508 0.001824 -4.1e-005 0.000881 0.084057 -0.000313 -3.8e-005 8.6e-005 0.000147 -7.3e-005 -3.2e-005 8.9e-005 0.001663 -0.000114 -2.7e-005 
1.86566e-005 7.55064e-008 8.60525e-009 5.04154e-008 6.21455e-005 2.2403e-008 7.11071e-009 9.30214e-008 1.95703e-008 5.92672e-009 1.55811e-007 8.84549e-008 9.08899e-005 4.25258e-008 2.68167e-009 

0.137064 0.001068 -0.001074 0.000868 0.080627 2.3e-005 0.000401 0.000146 -3.49e-005 -0.000187 -7.4e-005 4.6e-005 0.001119 -4.9e-005 -3.9e-005 
1.85603e-005 4.44651e-008 4.63184e-008 4.76259e-008 6.24288e-005 1.5142e-009 1.88253e-008 4.00069e-008 5.29215e-008 4.91919e-009 1.55746e-007 8.12904e-008 9.02876e-005 5.74564e-009 3.864e-009 

0.137604 0.000481 0.000531 0.001134 0.080916 0.000304 0.000219 3.6e-005 0.000359 7.1e-005 -0.0001 0.000129 0.001024 6.3e-005 0.000117 
1.85678e-005 2.22001e-008 1.61465e-008 6.57079e-008 6.24067e-005 1.9264e-008 1.32682e-008 1.87927e-008 3.03788e-008 8.59243e-009 1.55652e-007 1.1496e-007 9.0335e-005 3.4771e-008 1.15782e-008 

0.124758 -0.001382 0.001052 0.001012 0.073287 3.4e-005 0.000117 -0.000321 0.000183 0.000173 -0.000139 -1.2e-005 0.000953 -4.6e-005 2.6e-005 
1.83656e-005 4.942e-008 3.7774e-008 5.25299e-008 6.29949e-005 1.07375e-009 9.45212e-009 4.48822e-008 4.13133e-008 1.09637e-008 1.55302e-007 8.45059e-008 8.90646e-005 4.53175e-009 2.56853e-009 

0.125249 -0.001098 -0.001701 0.000415 0.073424 -0.000164 -8e-006 -0.000303 -0.000268 -7.4e-005 -9.1e-005 -8.3e-005 0.000883 -2e-005 -8.2e-005 
1.83688e-005 3.81301e-008 6.92014e-008 1.77795e-008 6.29854e-005 9.71737e-009 6.72129e-009 3.30902e-008 5.69442e-008 6.48576e-009 1.55294e-007 2.56817e-008 8.90855e-005 1.66222e-008 8.09682e-009 

0.136316 -0.000175 -0.000767 0.001244 0.080347 -0.000409 0.000247 0.000102 -0.000123 4.1e-005 -8.3e-005 9.3e-005 0.001333 -5.7e-005 -2.2e-005 
1.85537e-005 5.76711e-009 3.25202e-008 6.96947e-008 6.24489e-005 2.4501e-008 1.3789e-008 3.38202e-008 2.57264e-008 8.71662e-009 1.55719e-007 1.19773e-007 9.02442e-005 4.304e-008 2.19541e-009 

0.133061 0.000959 -0.002219 0.001195 0.078201 -2.7e-005 0.000149 0.000113 -0.000493 -5.9e-005 -0.000119 -7.1e-005 0.001007 -5.8e-005 -1.9e-005 
1.84947e-005 4.0627e-008 8.66331e-008 5.89989e-008 6.26207e-005 4.49287e-009 1.15481e-008 3.62048e-008 6.90637e-008 7.21645e-009 1.5572e-007 9.44447e-008 8.98755e-005 1.06226e-008 1.88633e-009 

0.132388 0.002151 0.002888 0.000872 0.077803 0.000389 9.8e-005 0.00025 0.000682 8.9e-005 -0.000103 -3.5e-005 0.000999 9.7e-005 -5e-006 
1.84842e-005 8.73414e-008 1.05541e-007 4.37828e-008 6.26512e-005 2.55411e-008 1.08243e-008 8.7116e-008 9.35394e-008 7.75329e-009 1.55358e-007 7.06318e-008 8.98093e-005 4.66008e-008 5.81011e-010 

0.135933 -0.002664 -0.000845 0.002173 0.079794 -0.000808 -0.000194 -0.000583 -0.000379 7.7e-005 0.000111 1.16e-005 0.000943 4.6e-005 6.3e-005 
1.85372e-005 9.72613e-008 3.253e-008 1.14137e-007 6.2496e-005 4.03668e-008 6.39308e-009 9.27579e-008 3.78667e-008 9.71585e-009 1.57556e-007 1.90356e-007 9.01433e-005 6.47393e-008 6.24928e-009 

0.13409 -0.002636 0.001796 0.002687 0.078666 2.3e-005 -0.000299 -0.000467 0.000589 -1.2e-005 -2e-006 0.000224 0.00087 2e-006 4.7e-005 
1.85067e-005 9.77889e-008 6.26989e-008 1.51741e-007 6.2585e-005 1.72618e-009 7.99666e-009 1.01261e-007 5.33867e-008 5.95915e-009 1.57033e-007 2.60651e-007 8.99518e-005 2.80896e-009 4.66484e-009 

0.134272 -0.000571 0.000244 -0.000559 0.078999 0.000805 -7.4e-005 -0.000389 -5.3e-005 3.4e-005 -2.9e-005 -0.000102 0.001021 1.8e-005 -3.6e-005 
1.8516e-005 1.74573e-008 7.70702e-009 3.43584e-008 6.25586e-005 4.34443e-008 5.67578e-009 3.37827e-008 2.94879e-008 8.0926e-009 1.55483e-007 6.15563e-008 9.00095e-005 7.23269e-008 3.56671e-009 

0.135119 -0.001388 0.000875 -0.001235 0.079449 -0.000299 -0.000208 -0.0004 0.000216 4e-006 6e-005 -0.000116 0.001097 6.3e-005 -6.6e-005 
1.85285e-005 4.83754e-008 2.97439e-008 7.0381e-008 6.25222e-005 1.25921e-008 5.31174e-009 4.30498e-008 3.06338e-008 7.09976e-009 1.56468e-007 1.21634e-007 9.00873e-005 1.94988e-008 6.52967e-009 

0.133384 -0.00108 -0.000133 0.001998 0.078694 -0.000709 -4.5e-005 -0.00017 -7.5e-005 -8.5e-005 6.7e-005 0.000162 0.001269 -9e-005 -7.8e-005 
1.85089e-005 3.86031e-008 7.35878e-009 1.12655e-007 6.25797e-005 4.2044e-008 6.26582e-009 4.65809e-008 1.37212e-008 5.72934e-009 1.56845e-007 1.93321e-007 8.99633e-005 7.32154e-008 7.73431e-009 

0.133941 0.000514 -0.000212 0.002412 0.079059 0.000617 0.0001 0.000192 2.6e-005 0.000285 -2.7e-005 0.000143 0.001257 6.6e-005 0.0001 
1.85187e-005 2.1352e-008 1.248e-008 1.33283e-007 6.25512e-005 3.59527e-008 1.00853e-008 2.06763e-008 9.8562e-009 1.48755e-008 1.56582e-007 2.26787e-007 9.00247e-005 6.21638e-008 9.91161e-009 

0.137756 -0.001622 -0.000646 9.3e-005 0.081444 0.000196 -5.7e-005 -0.000327 -0.00019 -0.000225 5.6e-005 0.000138 0.001499 -3e-006 -2e-005 
1.85842e-005 5.82961e-008 2.65603e-008 1.20513e-008 6.23595e-005 1.01737e-008 5.77413e-009 6.09866e-008 2.0816e-008 4.88083e-009 1.5616e-007 2.77251e-008 9.0435e-005 1.70066e-008 1.98438e-009 

0.138295 -0.000623 0.000467 -0.000254 0.081703 -0.001009 -8e-006 -0.000168 0.00013 0.000101 1.8e-005 4.8e-005 0.001476 -5.4e-005 3.5e-005 
1.85911e-005 2.01709e-008 1.43671e-008 1.08321e-008 6.2339e-005 5.59733e-008 6.86643e-009 2.19989e-008 1.70633e-008 9.54096e-009 1.55676e-007 1.70177e-008 9.04789e-005 9.53521e-008 3.46239e-009 

0.136126 0.000973 -0.00092 0.002156 0.080091 -0.000632 -9.4e-005 0.000302 -0.00025 0.000148 -9.1e-005 4.7e-005 0.001189 -5.8e-005 -4.4e-005 
1.85462e-005 3.84146e-008 3.70089e-008 1.14987e-007 6.24704e-005 3.6315e-008 5.71984e-009 3.09425e-008 2.79225e-008 1.16967e-008 1.56192e-007 1.93099e-007 9.01982e-005 6.2603e-008 4.36727e-009 

0.13137 -0.001699 0.000535 0.000958 0.076985 -0.000463 -5.2e-005 -0.000471 5.8e-005 5.4e-005 -0.000161 -0.000121 0.000842 -4e-006 0.000148 
1.84617e-005 6.01417e-008 1.80727e-008 4.4129e-008 6.27166e-005 2.46877e-008 5.88566e-009 5.19669e-008 2.92064e-008 8.26515e-009 1.55472e-007 6.8489e-008 8.9669e-005 4.06248e-008 1.46277e-008 

0.131614 -0.000312 -0.000621 0.000799 0.077107 0.000196 -0.000154 -0.000144 -5.3e-005 1.8e-005 -0.00016 -0.0008 0.000802 -8e-006 -3e-006 
1.84647e-005 8.68827e-009 2.77755e-008 1.00867e-008 6.27079e-005 9.96332e-009 5.03071e-009 9.51394e-009 2.34565e-008 8.0478e-009 1.55478e-007 7.83936e-008 8.96881e-005 1.60026e-008 3.0129e-010 

0.130629 0.001197 -0.000246 0.000577 0.076639 -0.000131 -0.000193 0.000243 -5.7e-005 -3.8e-005 -0.000159 -7.3e-005 0.000871 -7.4e-005 -0.00014 
1.84526e-005 4.84621e-008 1.22753e-008 2.65554e-008 6.27431e-005 1.06997e-008 4.73826e-009 3.67457e-008 8.27784e-009 6.66346e-009 1.55473e-007 4.10745e-008 8.96118e-005 2.15815e-008 1.38332e-008 

0.130219 0.000737 0.00096 0.000556 0.076404 0.000214 -0.00028 0.000128 4.9e-005 0.000193 -7.5e-005 -1.5e-005 0.00084 0.000113 0.00019 
1.84463e-005 3.12845e-008 3.56102e-008 2.83414e-008 6.27614e-005 1.70767e-008 5.3741e-009 2.27281e-008 5.49888e-008 1.16725e-008 1.55248e-007 4.5869e-008 8.95722e-005 3.4088e-008 1.8773e-008 

0.129027 -0.001959 0.000212 0.000437 0.07585 -0.000294 4.4e-005 -0.000458 -1.1e-005 -4.9e-005 -0.000112 6.7e-005 0.001036 4.2e-005 8.8e-005 
1.84326e-005 7.09398e-008 5.89889e-009 2.62816e-008 6.28016e-005 1.34648e-008 7.46055e-009 6.35801e-008 2.07964e-008 6.22798e-009 1.55251e-007 4.63059e-008 8.94848e-005 2.04462e-008 8.695e-009 

0.129686 -0.001501 0.000206 0.000419 0.076253 0.000259 -0.00013 -0.00039 7.7e-005 3.5e-005 -4.5e-005 -1.4e-005 0.001051 -7.5e-005 -8.7e-005 
1.84432e-005 5.32232e-008 5.0564e-009 2.1267e-008 6.27708e-005 9.99637e-009 5.2374e-009 4.70564e-008 7.74669e-009 8.02758e-009 1.55443e-007 3.43881e-008 8.95514e-005 1.44884e-008 8.5973e-009 

0.140192 -0.000679 0.000467 -8.7e-005 0.082573 0.000538 -0.000177 -0.000111 4.6e-005 -0.000294 -0.000136 -0.000147 0.001269 4e-005 -0.000193 
1.8614e-005 2.29796e-008 1.52832e-008 1.21544e-008 6.22709e-005 3.04039e-008 5.0217e-009 3.151e-008 2.75654e-008 6.16441e-009 1.55453e-007 2.863e-008 9.06244e-005 5.23517e-008 1.91012e-008 

0.140502 0.000643 -0.001645 0.000126 0.082579 -0.00086 -0.000127 0.000105 0.000158 5.6e-005 -0.000338 -0.000183 0.001098 -5.7e-005 8.2e-005 
1.86134e-005 2.75339e-008 7.25652e-008 3.72763e-009 6.22721e-005 4.82375e-008 5.38454e-009 2.19415e-008 1.15926e-007 9.37355e-009 1.57083e-007 1.98635e-008 9.0622e-005 8.28031e-008 8.11691e-009 

0.134245 -0.001636 -0.001322 0.001404 0.079188 -0.000242 7.1e-005 5.1e-005 -0.000221 -6.2e-005 7.1e-005 0.000282 0.0014 7.6e-005 8e-006 
1.85227e-005 6.45316e-008 5.37869e-008 8.77191e-008 6.25396e-005 9.04827e-009 8.56324e-009 1.10435e-007 4.52782e-008 6.6462e-009 1.56686e-007 1.582e-007 9.00492e-005 1.3225e-008 7.92884e-010 

0.135118 -0.001245 0.001455 0.000862 0.079497 0.000292 -2.4e-005 -1.4e-005 0.000283 4.8e-005 4.5e-005 0.000105 0.001187 -4.4e-005 1.7e-005 
1.85301e-005 4.75059e-008 5.23303e-008 5.0349e-008 6.25175e-005 1.32305e-008 6.56993e-009 7.7829e-008 5.50766e-008 7.71856e-009 1.56072e-007 8.80386e-008 9.00971e-005 2.03001e-008 1.68341e-009 

0.1357 -0.004509 0.001528 0.00049 0.079705 -0.000111 -0.00028 -0.000962 0.000369 0.000128 -0.000143 5e-006 0.001024 3.5e-005 -6e-006 
1.85353e-005 1.67133e-007 5.41591e-008 2.59252e-008 6.25013e-005 4.21456e-009 8.46266e-009 1.55741e-007 5.14932e-008 9.54315e-009 1.5556e-007 4.41882e-008 9.01309e-005 8.74532e-009 7.09891e-010 

0.13548 -0.001011 -0.000545 0.001048 0.079577 9.1e-005 -0.000146 -0.000386 -5.3e-005 0.000376 1.7e-005 0.000117 0.001039 7.4e-005 4.6e-005 
1.85316e-005 3.35862e-008 2.46576e-008 6.07105e-008 6.25128e-005 8.61587e-009 5.18309e-009 3.11756e-008 2.00294e-008 1.77311e-008 1.56143e-007 1.0578e-007 9.01077e-005 1.82585e-008 4.5485e-009 

0.135781 0.000192 0.000554 0.000839 0.079828 0.000269 -4.6e-005 -7.4e-005 9.6e-005 -0.000303 -1.8e-005 0.000156 0.001104 -4e-006 5.4e-005 
1.85387e-005 1.25399e-008 1.8348e-008 5.17164e-008 6.24924e-005 1.40004e-008 6.41915e-009 1.60053e-008 2.55501e-008 6.3962e-009 1.55784e-007 9.29023e-008 9.01513e-005 2.30114e-008 5.34159e-009 

0.140713 -0.000147 -0.000522 0.00145 0.083101 -0.000122 0.0003 7e-006 -6.9e-005 -3.5e-005 -7.8e-005 0.000124 0.001478 2.5e-005 -3.2e-005 
1.86294e-005 2.91902e-009 2.32296e-008 8.19176e-008 6.22258e-005 5.15698e-009 1.52959e-008 1.66856e-008 1.83057e-008 6.85143e-009 1.55874e-007 1.42496e-007 9.07201e-005 8.1098e-009 3.16927e-009 

0.140807 0.000526 0.000884 0.001773 0.083246 7.9e-005 0.000293 0.000164 0.000204 1.7e-005 3e-005 0.000226 0.001554 -2e-006 -8.7e-005 
1.86338e-005 2.21672e-008 3.00729e-008 1.03926e-007 6.2213e-005 4.05633e-009 1.55271e-008 1.88301e-008 3.29887e-008 7.23909e-009 1.5671e-007 1.83745e-007 9.07469e-005 6.7594e-009 8.61247e-009 

0.134271 0.001078 -0.001846 -0.000104 0.078975 0.000523 -4.4e-005 0.000217 -0.0004 0.000299 -7.8e-005 5.9e-005 0.001219 -7e-005 -0.000222 
1.85163e-005 4.38947e-008 7.27144e-008 2.44454e-009 6.25582e-005 2.41362e-008 6.77269e-009 3.38988e-008 5.84639e-008 1.64081e-008 1.55705e-007 6.49005e-009 9.00097e-005 3.72484e-008 2.19464e-008 

0.134445 0.000838 0.002669 3.1e-005 0.078822 -0.00021 -7e-006 0.000159 0.00051 3.6e-005 -8.2e-005 -2.1e-005 0.001086 3e-005 9.8e-005 
1.85116e-005 3.4941e-008 9.86443e-008 1.04252e-009 6.25713e-005 9.6394e-009 7.51515e-009 2.63434e-008 9.79329e-008 7.0189e-009 1.55263e-007 7.95274e-010 8.99815e-005 1.45303e-008 9.68728e-009 

0.133508 -0.000188 -3.5e-005 0.000696 0.078647 0.000676 0.000282 -4.5e-005 -5.7e-005 -0.000127 -5e-005 -1.6e-005 0.001233 -7e-006 3.4e-005 
1.85075e-005 4.33732e-009 3.59501e-009 3.55907e-008 6.2584e-005 3.53717e-008 1.46266e-008 1.08753e-008 1.5084e-008 5.2253e-009 1.5545e-007 5.82564e-008 8.99543e-005 5.79738e-008 3.36403e-009 

0.132525 -0.000119 -0.000526 8.6e-005 0.078155 -0.000809 0.000224 -9.3e-005 -0.000102 5.7e-005 -0.00045 6e-006 0.001252 8.1e-005 -1e-006 
1.84944e-005 3.36161e-009 2.30762e-008 4.81438e-009 6.26222e-005 3.86885e-008 1.29987e-008 4.12922e-009 1.56273e-008 8.95074e-009 1.59113e-007 8.17809e-009 8.98721e-005 6.07319e-008 1.20683e-010 

0.122379 0.003967 -0.00315 0.000799 0.072825 -0.000353 0.000439 0.000984 -0.000575 0.000103 -7.2e-005 0.000185 0.001885 -4.5e-005 -0.000139 
1.83578e-005 1.52604e-007 1.24746e-007 5.11146e-008 6.30185e-005 2.112e-008 2.19194e-008 1.12287e-007 1.00501e-007 1.17722e-008 1.56562e-007 9.30004e-008 8.90099e-005 3.67934e-008 1.37182e-008 

0.12403 0.004249 0.002932 0.00055 0.073638 0.000422 0.000402 0.001079 0.0006 0.00021 -0.000204 -8e-006 0.001755 1.8e-005 0.000143 
1.83782e-005 1.62677e-007 1.09239e-007 2.82763e-008 6.29593e-005 2.33847e-008 2.10521e-008 1.2093e-007 9.7177e-008 1.07281e-008 1.56196e-007 4.66391e-008 8.91391e-005 3.96796e-008 1.41396e-008 

0.132593 -0.003758 0.00308 0.002692 0.077796 -0.000368 0.000141 -0.000683 0.000691 3.2e-005 -6.9e-005 9.8e-005 0.000985 5.4e-005 -4.8e-005 
1.84842e-005 1.40564e-007 1.13313e-007 1.45712e-007 6.26507e-005 1.67563e-008 9.44041e-009 1.39258e-007 1.01722e-007 5.9908e-009 1.56004e-007 2.44347e-007 8.98093e-005 2.80774e-008 4.69329e-009 

0.132152 0.000896 -0.00082 0.000457 0.07779 0.000882 5.5e-005 0.000103 -0.000191 0.000185 4.2e-005 5.7e-005 0.001111 0.000112 -4.1e-005 
1.84841e-005 3.82447e-008 3.38633e-008 2.67799e-008 6.26519e-005 5.23162e-008 9.01192e-009 3.34243e-008 2.41569e-008 1.2514e-008 1.56034e-007 4.67171e-008 8.98082e-005 9.09375e-008 4.05437e-009 

0.131782 0.001126 -0.000126 0.000247 0.077598 0.000317 2.9e-005 7.5e-005 7.8e-005 -8e-006 -1.1e-005 -3e-006 0.001071 -3.3e-005 4.4e-005 
1.84788e-005 4.81236e-008 1.00847e-008 1.27497e-008 6.26673e-005 1.5103e-008 8.48001e-009 4.95092e-008 1.26218e-008 7.1506e-009 1.55662e-007 2.09392e-008 8.97752e-005 2.35979e-008 4.34852e-009 

0.133499 -0.001478 -6e-006 0.000633 0.078579 0.000849 0.00016 -0.000404 -9e-006 -2.5e-005 -9.7e-005 -8e-005 0.001135 2.9e-005 5.2e-005 
1.85053e-005 5.18455e-008 3.29923e-009 2.91135e-008 6.25902e-005 4.63368e-008 1.04979e-008 4.63306e-008 8.43528e-009 6.90308e-009 1.55153e-007 4.56734e-008 8.99412e-005 7.74752e-008 5.14104e-009 

0.132052 -0.001486 0.000114 0.000524 0.077708 -0.010772 0.000137 -0.000401 9e-005 3.4e-005 -7.1e-005 -8.4e-005 0.001124 2.4e-005 1.7e-005 
1.84832e-005 5.22293e-008 4.71592e-009 2.32325e-008 6.26521e-005 5.68101e-007 9.79926e-009 4.65679e-008 4.96417e-009 7.20029e-009 1.37273e-007 3.57691e-008 8.98032e-005 9.30845e-007 2.26443e-009 

0.125065 -0.001208 -0.001444 0.000772 0.073203 -2.8e-005 -0.000175 -0.000191 -0.000439 -6.2e-005 -4.5e-005 -5.3e-005 0.000738 -7.1e-005 -7.2e-005 
1.83625e-005 4.41204e-008 5.61477e-008 3.79754e-008 6.30031e-005 5.05953e-009 5.23817e-009 4.9099e-008 4.09961e-008 6.74684e-009 1.55497e-007 5.89486e-008 8.90471e-005 1.32794e-008 7.11035e-009 

0.126882 -0.00126 0.000794 0.001656 0.07432 -0.000171 -0.000277 -0.000215 0.000289 -9.8e-005 -0.000138 -6.6e-005 0.000774 3e-006 -2.7e-005 
1.83915e-005 4.5811e-008 2.61164e-008 8.35861e-008 6.29196e-005 8.90571e-009 6.45282e-009 4.97628e-008 2.30388e-008 5.25266e-009 1.55807e-007 1.32968e-007 8.9229e-005 1.43716e-008 2.66819e-009 

0.142398 9.3e-005 -0.002045 0.002386 0.083513 -0.000554 0.000202 -0.000132 -0.000633 3.9e-005 -0.000131 -0.000192 0.001019 -2.7e-005 -2.8e-005 
1.86388e-005 1.00213e-008 7.7371e-008 1.14612e-007 6.21966e-005 3.05597e-008 1.25974e-008 1.99579e-008 6.47054e-008 9.69317e-009 1.56289e-007 1.87464e-007 9.07826e-005 5.21805e-008 2.83267e-009 

0.141848 0.001469 0.001019 0.002523 0.083246 -1.9e-005 0.000365 0.000214 0.000365 4.3e-005 -0.00026 -0.000209 0.001025 -1.2e-005 -3.9e-005 
1.86315e-005 5.93948e-008 3.3922e-008 1.20758e-007 6.22184e-005 1.63836e-009 1.80445e-008 5.73294e-008 3.15321e-008 7.61539e-009 1.57208e-007 1.97751e-007 9.07363e-005 3.42103e-009 3.86487e-009 

0.147829 -0.000612 0.000702 0.001003 0.087818 -7.1e-005 7.4e-005 -1.2e-005 0.000149 0.000295 -0.000216 6.9e-005 0.001995 -1.4e-005 0.000132 
1.8763e-005 2.10902e-008 2.30717e-008 5.568e-008 6.18284e-005 4.46247e-009 8.96583e-009 4.21989e-008 2.9354e-008 1.47973e-008 1.55923e-007 9.7611e-008 9.15587e-005 8.09048e-009 1.30849e-008 

0.146485 -0.000932 -0.000564 0.000525 0.086948 0.000304 -4.8e-005 -8.5e-005 -8e-005 -0.000155 -0.000249 6.8e-005 0.001895 5.4e-005 -0.000188 
1.87381e-005 3.30172e-008 2.45714e-008 3.08379e-008 6.19029e-005 1.87923e-008 6.10331e-009 5.134e-008 2.07899e-008 4.98829e-009 1.56115e-007 5.494e-008 9.14023e-005 3.38341e-008 1.86296e-008 

0.136547 -0.001627 -0.000664 0.001317 0.080335 -0.000832 0.000117 -0.000265 -0.00018 -4.9e-005 -0.000169 -4.2e-005 0.001141 2.7e-005 6.3e-005 
1.85526e-005 5.93088e-008 2.75176e-008 6.66985e-008 6.24516e-005 4.25557e-008 9.52228e-009 6.73913e-008 2.03759e-008 6.56982e-009 1.55579e-007 1.09584e-007 9.02386e-005 6.94309e-008 6.23904e-009 

0.136081 -0.001029 0.000576 0.00165 0.080058 0.000354 0.000113 -0.000206 0.000236 5.4e-005 -0.000135 -4.2e-005 0.001114 -6e-005 -2.4e-005 
1.85449e-005 3.59497e-008 1.79139e-008 8.40719e-008 6.24739e-005 1.56749e-008 9.66923e-009 4.00563e-008 1.75757e-008 8.2188e-009 1.55696e-007 1.3833e-007 9.01908e-005 2.41085e-008 2.37904e-009 

0.131567 -0.000265 -0.000113 0.000927 0.077473 1.5e-005 0.000271 -4.8e-005 -3.6e-005 1.9e-005 -5.5e-005 -3.1e-005 0.0012 -6e-006 -4e-006 
1.8476e-005 7.24144e-009 7.18439e-009 4.69707e-008 6.26757e-005 4.93835e-010 1.42641e-008 1.489e-008 8.31068e-009 7.82727e-009 1.55539e-007 7.60822e-008 8.97569e-005 7.95896e-010 3.95929e-010 

0.145228 -0.002033 0.000732 0.001189 0.085784 -0.000321 0.00019 -0.00048 2.7e-005 2.2e-005 2.3e-005 6.9e-005 0.00154 -5.3e-005 1.7e-005 
1.8704e-005 7.2263e-008 2.58869e-008 6.541e-008 6.20039e-005 1.9633e-008 1.11808e-008 7.27573e-008 4.69795e-008 7.50467e-009 1.56001e-007 1.13689e-007 9.11898e-005 3.51596e-008 1.68909e-009 

0.146378 -0.004963 0.000705 0.000422 0.086197 7e-006 0.000331 -0.00083 0.000154 -0.000237 4.6e-005 0.000271 0.001369 -0.000197 8.5e-005 
1.8715e-005 1.84492e-007 2.33645e-008 3.63334e-008 6.19701e-005 1.03271e-008 1.33929e-008 2.04495e-007 2.88382e-008 5.4034e-009 1.55515e-007 7.28304e-008 9.126e-005 2.84545e-008 8.43735e-009 

0.133655 -0.000663 -0.000337 -0.000138 0.07857 0.000183 -6e-006 -0.000321 -0.000235 -0.000115 -4.9e-005 -1.5e-005 0.001052 -0.000133 -7.4e-005 
1.85047e-005 2.0753e-008 1.38001e-008 7.94706e-009 6.25919e-005 3.3114e-009 6.85055e-009 2.37247e-008 3.1305e-008 5.40215e-009 1.55429e-007 1.38058e-008 8.99378e-005 1.22823e-008 7.31452e-009 

0.13319 -0.000548 0.000566 -0.000463 0.078588 -0.000555 -0.000155 -0.000278 0.00026 0.00012 -3.1e-005 3e-005 0.001033 7.3e-005 4.4e-005 
1.85051e-005 1.67622e-008 1.7396e-008 2.27028e-008 6.25906e-005 2.56416e-008 4.97666e-009 2.02132e-008 1.85211e-008 9.90048e-009 1.55468e-007 3.64348e-008 8.99405e-005 3.99311e-008 4.34721e-009 

0.135189 -0.001668 0.001194 0.001634 0.079694 0.000244 -0.000434 -0.000314 0.000172 0.000494 -0.000303 -0.000222 0.001173 9e-006 0.000262 
1.85354e-005 6.05665e-008 4.30529e-008 7.42335e-008 6.25019e-005 1.33629e-008 1.02083e-008 6.4163e-008 5.29947e-008 2.00035e-008 1.56882e-007 1.16862e-007 9.01305e-005 2.2331e-008 2.59091e-008 

0.135005 -0.001005 -0.000864 0.001617 0.079303 0.000106 -0.000299 -0.000312 3.5e-005 -0.000168 -8.4e-005 -0.000105 0.000993 5.3e-005 -5.7e-005 
1.85241e-005 3.40306e-008 3.90633e-008 7.92565e-008 6.25348e-005 8.32196e-009 6.71834e-009 3.10506e-008 4.96179e-008 5.07801e-009 1.55784e-007 1.27817e-007 9.00604e-005 1.6416e-008 5.63934e-009 

0.136509 -0.002871 -0.000604 0.000379 0.080189 -0.000307 0 -0.000627 -0.000181 -8.4e-005 -7.1e-005 -8.4e-005 0.00098 -7.8e-005 2e-006 
1.8548e-005 1.05036e-007 2.50538e-008 1.55902e-008 6.24645e-005 2.01988e-008 6.40206e-009 9.96972e-008 1.95574e-008 5.86525e-009 1.55283e-007 2.49196e-008 9.02109e-005 3.7017e-008 2.07465e-010 

0.135891 -0.001656 0.001245 0.000734 0.07985 2.3e-005 6.2e-005 -0.000322 0.000292 2.4e-005 -0.000142 -5.3e-005 0.001034 5.7e-005 3.2e-005 
1.8539e-005 5.98429e-008 4.37224e-008 3.56787e-008 6.24911e-005 4.13787e-009 8.07515e-009 6.26116e-008 4.32988e-008 7.24644e-009 1.55338e-007 5.75336e-008 9.0154e-005 1.07122e-008 3.16751e-009 

0.134331 -0.002645 -0.000693 0.00054 0.078915 0.000189 7.8e-005 -0.000476 -0.000231 -0.000158 5e-005 -1.3e-005 0.001035 2.6e-005 -2.4e-005 
1.85139e-005 9.8038e-008 2.80072e-008 2.7621e-008 6.25646e-005 1.13106e-008 8.02996e-009 1.00326e-007 2.33475e-008 5.06847e-009 1.55909e-007 4.54515e-008 8.99961e-005 1.99166e-008 2.37981e-009 

0.133446 -0.003182 0.000621 -0.001312 0.078338 -0.000875 7.1e-005 -0.00061 0.000156 0.00031 6.3e-005 -4.4e-005 0.001008 -6e-005 0.0001 
1.84984e-005 1.18306e-007 2.02068e-008 7.07978e-008 6.26096e-005 4.92673e-008 7.21081e-009 1.14926e-007 2.25908e-008 1.508e-008 1.56019e-007 1.1851e-007 8.9899e-005 8.38034e-008 9.88413e-009 

0.144409 -0.001849 -0.002443 -0.000217 0.085324 6.3e-005 -1e-005 -0.000401 -0.000458 0.000104 -0.000119 1.1e-005 0.001543 0 -1e-006 
1.86913e-005 6.60038e-008 9.50429e-008 1.06178e-008 6.20418e-005 3.43015e-009 6.40381e-009 6.89187e-008 8.96842e-008 1.13309e-008 1.55617e-007 1.80666e-008 9.11094e-005 6.23969e-009 1.19445e-010 

0.1307 -0.001896 -0.000539 0.001784 0.076878 -0.000451 -7.7e-005 -0.000445 -0.000166 6.6e-005 -1.2e-005 0.000111 0.00108 -2e-005 -2.2e-005 
1.84599e-005 6.8402e-008 2.27261e-008 9.89994e-008 6.27223e-005 2.48806e-008 5.81836e-009 6.24492e-008 1.7452e-008 9.18905e-009 1.5611e-007 1.6761e-007 8.9656e-005 4.14725e-008 2.19923e-009 

0.127335 -0.002059 -0.001852 0.001173 0.074845 -0.000426 -5.2e-005 -0.00039 -0.000473 8.7e-005 5.6e-005 7.2e-005 0.000971 -1.6e-005 -2.9e-005 
1.84061e-005 7.60465e-008 7.23621e-008 6.51672e-008 6.28779e-005 2.34186e-008 6.03602e-009 7.40434e-008 5.25283e-008 1.05356e-008 1.56333e-007 1.09459e-007 8.93189e-005 3.84373e-008 2.87859e-009 

0.127538 -0.001511 0.002219 0.001809 0.08796 0.000516 -0.000207 -0.000321 0.000565 -7.2e-005 4.1e-005 0.000142 0.000981 8.5e-005 2.1e-005 
1.87625e-005 5.31099e-008 7.85721e-008 1.01246e-007 6.18272e-005 3.15346e-008 5.74404e-009 5.94189e-008 7.77881e-008 5.2087e-009 1.56744e-007 1.78024e-007 9.15629e-005 5.65616e-008 2.10598e-009 

0.131 -0.002127 -0.001204 0.002025 0.076884 -0.00014 0.000216 -0.000398 -0.000364 -0.000121 -8.1e-005 6.4e-005 0.000949 2.6e-005 0.000103 
1.84595e-005 7.8277e-008 4.71379e-008 1.09269e-007 6.27229e-005 6.23475e-009 1.18238e-008 7.86172e-008 3.55971e-008 5.7355e-009 1.55767e-007 1.8219e-007 8.96547e-005 8.61164e-009 1.01687e-008 

0.131309 -0.001503 0.002091 0.002912 0.077035 -0.00082 9.8e-005 -0.000276 0.000578 1e-006 1.9e-005 0.000163 0.000899 -6.3e-005 -5.6e-005 
1.84634e-005 5.4447e-008 7.47931e-008 1.60564e-007 6.27115e-005 4.65407e-008 9.10557e-009 5.78743e-008 6.29858e-008 5.91116e-009 1.56881e-007 2.70938e-007 8.96794e-005 7.92058e-008 5.57816e-009 

0.140296 -0.001432 -0.000775 0.00245 0.082468 -0.001547 -6.6e-005 -0.000394 -0.000254 4.5e-005 -3.02e-005 -0.000137 0.001052 7.9e-005 3.2e-005 
1.86103e-005 4.97959e-008 3.10459e-008 1.20816e-007 6.22813e-005 7.74906e-008 6.08345e-009 4.69021e-008 2.61125e-008 8.82265e-009 1.56109e-007 1.98767e-007 9.06025e-005 1.26892e-007 3.34533e-009 

0.138311 -0.000575 0.001163 0.000387 0.081238 0.000619 -0.000154 -0.000384 0.000429 -3.5e-005 -0.000113 -0.000139 0.000947 -0.000102 4.2e-005 
1.85762e-005 1.76855e-008 3.90704e-008 1.3286e-008 6.23817e-005 2.74907e-008 5.12363e-009 3.2817e-008 3.58958e-008 6.15145e-009 1.55342e-007 2.11796e-008 9.03886e-005 4.28592e-008 4.15146e-009 

0.134078 -0.000799 -0.001084 0.003759 0.078774 -0.001333 0.00024 -0.000309 -0.000297 2.1e-005 -6.6e-005 1.9e-005 0.001033 -7e-005 3.6e-005 
1.85102e-005 2.58419e-008 4.31113e-008 1.97508e-007 6.25752e-005 7.39903e-008 1.32029e-008 2.40316e-008 3.18556e-008 8.53475e-009 1.57248e-007 3.27486e-007 8.99731e-005 1.24664e-007 3.95424e-009 

0.133594 -0.000898 0.001652 0.004201 0.078524 0.002798 0.000241 -0.000449 0.000441 0.000133 -8.7e-005 0.000129 0.001041 2.8e-005 -6.7e-005 
1.85037e-005 2.87203e-008 5.85922e-008 2.26115e-007 6.25939e-005 1.49292e-007 1.3264e-008 3.47636e-008 5.11901e-008 9.36299e-009 1.56709e-007 3.79014e-007 8.99321e-005 2.46481e-007 7.65897e-009 

0.133085 -0.000826 -0.001517 -0.000271 0.077125 -9.6e-005 2e-005 -0.000218 -0.000349 0.000107 -3.1e-005 5e-005 0.001065 3.3e-005 3.2e-005 
1.84663e-005 2.79317e-008 6.01214e-008 1.16233e-008 6.27037e-005 3.50263e-009 7.38694e-009 2.72362e-008 4.5583e-008 1.08115e-008 1.55598e-007 1.79132e-008 8.96965e-005 4.75387e-009 3.16215e-009 

0.130268 -0.0001 0.001299 -0.000569 0.076681 1.3e-005 0.000215 2.2e-005 0.000277 4.2e-005 -1.1e-005 3.8e-005 0.001119 -5.8e-005 -4.8e-005 
1.84547e-005 1.45934e-009 4.63276e-008 2.79221e-008 6.27374e-005 2.36194e-009 1.27841e-008 1.63966e-008 4.61194e-008 7.73483e-009 1.55561e-007 4.44009e-008 8.96236e-005 7.96358e-009 4.74313e-009 

0.131475 -0.00464 -0.001366 0.001057 0.077524 0.000978 -0.000118 -0.00085 -0.000314 -4.7e-005 -3e-005 6.2e-005 0.001199 0.00011 6e-005 
1.84777e-005 1.7454e-007 5.43073e-008 5.85204e-008 6.26699e-005 5.72717e-008 6.08918e-009 1.68889e-007 4.12094e-008 7.33834e-009 1.55517e-007 9.95397e-008 8.97675e-005 9.91722e-008 5.93144e-009 

0.130247 -0.003251 0.000462 0.000736 0.07671 0.000248 -0.000159 -0.000611 0.000203 0.000133 -8.1e-005 7.2e-005 0.00109 1.4e-005 -1.6e-005 
1.84555e-005 1.21445e-007 1.38236e-008 4.21951e-008 6.27348e-005 1.38562e-008 5.85574e-009 1.16986e-007 1.40314e-008 1.02947e-008 1.55432e-007 7.27685e-008 8.96287e-005 2.30758e-008 1.58689e-009 

0.166326 0.003894 0.001369 0.002387 0.098608 -0.000767 -0.000226 -0.000328 5.8e-005 0.000563 0.000109 -0.000557 0.00173 0.000107 -0.000256 
1.90715e-005 1.58709e-007 4.899e-008 9.32157e-008 6.08831e-005 3.42495e-008 3.32989e-009 2.99295e-007 8.69787e-008 2.25905e-008 1.57412e-007 1.71609e-007 9.3514e-005 6.05291e-008 2.54377e-008 

0.165645 0.00244 7.8e-005 0.000267 0.098105 0.000455 -0.000544 -0.000503 0.00037 9e-005 -8e-005 -0.000523 0.001571 -4.8e-005 0.000273 
1.9056e-005 1.05962e-007 1.30778e-008 1.58593e-008 6.09312e-005 2.10594e-008 1.08253e-008 2.29335e-007 5.00475e-008 9.41105e-009 1.55418e-007 6.01804e-008 9.34172e-005 3.77613e-008 2.71172e-008 

0.177169 0.005508 0.002884 0.009213 0.105751 -0.002241 0.000211 -6e-006 -0.000567 -0.000161 -0.000292 -6.9e-005 0.002356 -0.000368 2.9e-005 
1.92845e-005 2.10315e-007 1.16036e-007 4.67222e-007 6.02106e-005 1.36145e-007 1.58511e-008 3.78987e-007 2.83584e-007 4.22634e-009 1.69007e-007 8.66015e-007 9.48658e-005 2.53872e-007 8.05497e-009 

0.174937 0.007457 -0.001233 0.005928 0.104477 0.000737 -4e-005 0.000181 0.000643 5.1e-005 -0.000168 -0.000523 0.002173 0.000316 5.3e-005 
1.92459e-005 2.82982e-007 6.27787e-008 2.74743e-007 6.03337e-005 5.55206e-008 9.07664e-009 4.83286e-007 1.75434e-007 9.03089e-009 1.60342e-007 5.10806e-007 9.46204e-005 1.07651e-007 5.64379e-009 

0.17019 0.005633 0.002804 0.002765 0.101988 -0.001778 -0.000374 -0.000528 -0.000129 0.001109 -0.000327 -0.000192 0.002506 -3e-006 0.000304 
1.91744e-005 2.26641e-007 1.06233e-007 1.31528e-007 6.05622e-005 9.25162e-008 3.38704e-009 4.4945e-007 2.10435e-007 3.85544e-008 1.56109e-007 2.39498e-007 9.4161e-005 1.67707e-007 3.02138e-008 

0.167097 0.004737 -0.003987 0.003598 0.099965 -0.001252 -0.00088 -0.000626 0.000338 -0.000624 -1e-005 -0.000289 0.002244 4.9e-005 -4.6e-005 
1.91138e-005 1.94743e-007 1.62159e-007 1.69573e-007 6.07519e-005 6.25555e-008 1.90276e-008 4.01945e-007 3.07201e-007 1.27623e-008 1.55978e-007 3.0529e-007 9.37773e-005 1.11851e-007 4.60942e-009 

0.170138 0.007077 0.006111 0.007299 0.102217 -0.002153 0.000519 0.000422 0.000328 -0.000204 0.00027 -0.000234 0.002792 -2.8e-005 -0.000239 
1.91828e-005 2.68061e-007 2.2867e-007 3.61348e-007 6.0534e-005 1.13463e-007 2.65999e-008 4.18651e-007 3.64874e-007 5.5705e-009 1.68983e-007 6.6052e-007 9.42128e-005 2.05369e-007 2.44016e-008 

0.170003 0.008704 -0.005409 0.005877 0.102282 7e-005 0.000187 0.000522 -0.000189 -0.001118 0.000128 -0.000398 0.002961 0.000206 0.000386 
1.91855e-005 3.28855e-007 2.08713e-007 2.79599e-007 6.0526e-005 1.65803e-008 1.7201e-008 5.15048e-007 3.29704e-007 2.6059e-008 1.61363e-007 5.13814e-007 9.4228e-005 4.60033e-008 3.88415e-008 

0.163976 0.007049 0.000983 0.005022 0.098301 0.000263 0.000254 0.001047 -0.000157 -0.000222 0.000161 0.000169 0.002563 -2.6e-005 -5.6e-005 
1.9067e-005 2.63203e-007 3.74591e-008 2.67281e-007 6.0898e-005 1.23108e-008 1.86139e-008 3.31517e-007 9.35689e-008 4.72832e-009 1.63215e-007 4.83696e-007 9.34786e-005 2.18552e-008 5.60455e-009 

0.136826 0.007297 -0.004002 0.005454 0.098049 0.000436 0.000504 0.000735 -0.000164 0.000223 0.000469 -8e-005 0.002737 5.2e-005 -0.000166 
1.90605e-005 2.76365e-007 1.57333e-007 2.76267e-007 6.09181e-005 2.59514e-008 2.61941e-008 3.81865e-007 2.32461e-007 1.6068e-008 1.72321e-007 4.96868e-007 9.34357e-005 4.7398e-008 1.63536e-008 

0.164701 0.003731 0.000925 0.003928 0.098326 -0.001738 -0.000297 0.000279 1.2e-005 0.000235 -1.6e-005 -6.6e-005 0.002228 -0.000171 9.4e-005 
1.90658e-005 1.43934e-007 3.27085e-008 1.98635e-007 6.09019e-005 9.9734e-008 2.49486e-009 2.0485e-007 6.36643e-008 1.33014e-008 1.57475e-007 3.56394e-007 9.34743e-005 1.80323e-007 9.55424e-009 

0.162575 0.005507 0.004265 0.004857 0.096492 0.002118 -0.000549 -0.000416 -0.000799 0.00082 -0.00023 -0.000299 0.001313 -0.000404 -0.000295 
1.90081e-005 2.22847e-007 1.75621e-007 2.34239e-007 6.10774e-005 8.88523e-008 8.318e-009 4.16895e-007 4.029e-007 2.83661e-008 1.57038e-007 4.15165e-007 9.31134e-005 1.57767e-007 2.96302e-008 

0.161466 0.002987 0.001434 0.003638 0.096916 -0.001477 -0.000439 -0.000168 1e-005 -7.1e-005 -0.000306 -0.000109 0.002456 -0.000169 -0.000244 
1.90259e-005 1.21891e-007 5.28369e-008 1.81764e-007 6.10268e-005 8.6076e-008 6.70594e-009 2.13994e-007 9.66193e-008 5.63166e-009 1.57895e-007 3.23119e-007 9.32187e-005 1.55819e-007 2.43596e-008 

0.163414 0.0034 -0.000412 0.004365 0.098156 0.001437 -0.000238 -0.000536 0.00016 9.1e-005 -3.6e-005 -0.000154 0.002467 0.000125 -6.9e-005 
1.9062e-005 1.43236e-007 2.25497e-008 2.16656e-007 6.09145e-005 8.15594e-008 2.78526e-009 2.97515e-007 4.44708e-008 9.67032e-009 1.58219e-007 3.87009e-007 9.34477e-005 1.4744e-007 7.18543e-009 

0.163848 0.002444 0.00076 0.003037 0.097716 -0.00073 0.000276 0.000319 -0.000342 0.000243 -1.5e-005 -4.3e-005 0.002176 -7e-005 -0.000122 
1.90478e-005 9.40953e-008 3.24884e-008 1.54081e-007 6.09584e-005 4.17896e-008 1.62585e-008 1.16527e-007 1.08959e-007 1.37011e-008 1.57678e-007 2.76013e-007 9.33599e-005 7.5595e-008 1.21421e-008 

0.163613 0.001729 -0.001725 0.003484 0.097554 0.00023 0.000304 -6.9e-005 0.000158 -0.000484 0.000198 7.2e-005 0.002081 6.7e-005 -0.000171 
1.90426e-005 7.14085e-008 7.28138e-008 1.83341e-007 6.09743e-005 1.55866e-008 1.65107e-008 1.18444e-007 1.29627e-007 9.70016e-009 1.60853e-007 3.29123e-007 9.33276e-005 2.94565e-008 1.69737e-008 

0.149612 0.004603 0.001902 0.00328 0.088599 -0.001097 0.000245 -0.000264 -0.000311 0.000235 0.000118 -0.000182 0.001372 1e-005 -0.000117 
1.87823e-005 1.90712e-007 7.80517e-008 1.60617e-007 6.17678e-005 5.69614e-008 1.57703e-008 3.20309e-007 1.70678e-007 1.2705e-008 1.58744e-007 2.73291e-007 9.16846e-005 9.79151e-008 1.16182e-008 

0.150336 0.003328 -0.001268 0.002644 0.098122 0.001666 0.000623 -0.000291 4.1e-005 -0.000274 0.000351 -1.6e-005 0.001603 0.000177 -0.000116 
1.90567e-005 1.36606e-007 5.32327e-008 1.35223e-007 6.09287e-005 9.62582e-008 2.67529e-008 2.56274e-007 8.32139e-008 4.86122e-009 1.63714e-007 2.42475e-007 9.34213e-005 1.74437e-007 1.15562e-008 

0.154601 0.00402 0.003321 0.002122 0.092278 0.000349 0.000332 0.000334 0.000128 0.000184 -0.000111 -1e-006 0.002029 -7.4e-005 -0.000318 
1.88901e-005 1.57196e-007 1.26275e-007 1.09556e-007 6.14429e-005 1.43599e-008 1.86997e-008 2.06819e-007 1.98153e-007 1.02044e-008 1.56567e-007 1.92363e-007 9.2361e-005 2.63578e-008 3.15923e-008 

0.154308 0.003573 -0.001997 0.003101 0.092071 0.000643 -0.000155 0.000304 0.000131 7.6e-005 0.000149 0.000116 0.001969 8e-005 -9.1e-005 
1.88838e-005 1.39919e-007 8.4543e-008 1.6652e-007 6.1462e-005 3.78742e-008 4.40582e-009 1.82208e-007 1.38929e-007 1.02538e-008 1.59341e-007 2.93915e-007 9.23221e-005 6.80537e-008 9.04518e-009 

0.168418 0.003857 0.00545 0.011698 0.100908 0.001944 0.000193 -0.000691 0.000203 1.1e-005 0.000253 0.000172 0.002264 -8.3e-005 0.00038 
1.9142e-005 1.60331e-007 2.0545e-007 6.09768e-007 6.06605e-005 9.64757e-008 1.36086e-008 3.58958e-007 3.35532e-007 2.6963e-009 1.80986e-007 1.10709e-006 9.39579e-005 1.73649e-007 3.82378e-008 

0.164604 0.009163 -0.005701 0.006465 0.098603 -0.001264 0.001292 -0.000615 0.000128 -0.001298 -0.000107 -0.000457 0.002137 0.000471 0.00026 
1.90737e-005 3.65148e-007 2.26278e-007 3.07866e-007 6.08738e-005 4.04173e-008 5.01166e-008 6.93634e-007 3.8623e-007 3.16073e-008 1.62731e-007 5.52627e-007 9.35217e-005 9.02843e-008 2.72396e-008 

0.175224 0.0071 0.004168 0.002455 0.105516 -2.5e-005 -0.000766 0.000457 -5.4e-005 0.000328 -0.000445 -0.000229 0.002835 5.8e-005 -0.000437 
1.928e-005 2.66288e-007 1.55588e-007 1.12842e-007 6.02275e-005 6.88353e-009 1.35285e-008 4.22008e-007 2.96727e-007 1.41605e-008 1.57469e-007 2.11908e-007 9.48318e-005 6.45054e-009 4.35912e-008 

0.177599 0.007613 -0.004138 0.003042 0.106961 2.2e-005 -0.000165 0.000521 1.5e-005 -0.000513 -4.4e-005 -5.3e-005 0.002987 0.000118 0.000181 
1.93234e-005 2.83684e-007 1.59892e-007 1.52402e-007 6.00888e-005 9.03065e-009 5.70328e-009 4.53876e-007 2.81458e-007 9.14094e-009 1.56787e-007 2.85494e-007 9.51079e-005 2.64659e-008 1.81718e-008 

0.167274 0.008806 0.007652 0.000603 0.099867 0.001139 -0.000423 0.000246 0.000304 -0.001335 -0.000677 -0.000309 0.002141 -0.000119 -0.000404 
1.91108e-005 3.39265e-007 2.88129e-007 1.50061e-008 6.07582e-005 5.33555e-008 4.80142e-009 5.47092e-007 4.71985e-007 4.0233e-008 1.6656e-007 3.70872e-008 9.37578e-005 9.9047e-008 4.0436e-008 

0.167769 0.003847 -0.003302 0.003476 0.100135 -6.3e-005 -0.000491 0.000267 -4e-006 -0.000242 0.000199 -0.000523 0.002045 0.000118 -0.000133 
1.91177e-005 1.47689e-007 1.30796e-007 1.50637e-007 6.07393e-005 3.36993e-009 7.26189e-009 2.1685e-007 2.12962e-007 5.36357e-009 1.59678e-007 2.74248e-007 9.38053e-005 1.75671e-008 1.31688e-008 

0.155225 0.002105 0.006783 0.002325 0.092717 2.3e-005 -3.2e-005 -0.000104 0.000786 -0.000284 -0.000196 0.000102 0.002065 -0.000163 -0.000421 
1.8903e-005 8.77755e-008 2.54374e-007 1.25621e-007 6.14027e-005 7.45588e-009 7.27492e-009 1.43772e-007 3.31771e-007 8.63257e-009 1.57046e-007 2.21286e-007 9.24425e-005 2.52789e-008 4.18103e-008 

0.156164 0.002078 -0.004315 0.002016 0.092909 0.000655 0.000165 -0.000121 -0.00069 -0.000779 0.00016 -3.8e-005 0.001966 5.1e-005 0.000326 
1.89078e-005 8.71018e-008 1.64295e-007 1.0236e-007 6.13886e-005 3.69941e-008 1.24848e-008 1.4433e-007 1.83815e-007 1.58245e-008 1.57639e-007 1.78501e-007 9.24742e-005 6.56401e-008 3.23748e-008 

0.174221 0.003101 -0.003696 0.005652 0.103709 0.001757 -5.6e-005 -0.000924 -2e-005 0.000388 0 -0.00049 0.002146 0.00029 -0.000558 
1.92231e-005 1.36436e-007 1.44826e-007 2.63264e-007 6.0407e-005 1.06894e-007 5.67443e-009 3.43972e-007 2.40566e-007 2.06407e-008 1.60398e-007 4.83831e-007 9.44755e-005 1.9861e-007 5.559e-008 

0.167963 0.007093 0.002786 0.002701 0.099677 -0.000133 0.001136 -0.000247 -0.000631 2e-005 -0.000706 -0.000809 0.001629 -0.000108 -0.000141 
1.91023e-005 2.80092e-007 1.14597e-007 9.53e-008 6.07854e-005 1.25589e-008 4.42919e-008 5.02776e-007 2.84561e-007 6.71188e-009 1.68937e-007 1.88832e-007 9.37093e-005 2.8736e-008 1.40609e-008 

0.166488 0.009953 -0.001875 0.002599 0.099193 0.000888 -0.00097 0.000446 0.000699 -0.000219 -0.000374 -0.000604 0.001887 0.000142 0.000164 
1.90897e-005 3.81175e-007 8.86989e-008 1.00965e-007 6.08243e-005 5.3667e-008 1.80384e-008 5.95218e-007 2.23042e-007 4.0055e-009 1.55169e-007 1.9233e-007 9.36266e-005 1.00368e-007 1.62537e-008 

0.170495 0.000337 0.003708 0.003939 0.101225 -0.00121 1.1e-005 -0.000289 -0.000376 6.1e-005 0.000532 -0.000216 0.00191 4.4e-005 0.000182 
1.91489e-005 2.25111e-008 1.45067e-007 1.90542e-007 6.06412e-005 6.04018e-008 7.40681e-009 6.12132e-008 3.06982e-007 6.94306e-009 1.70541e-007 3.46477e-007 9.4005e-005 1.09226e-007 1.81566e-008 

0.168659 0.000183 -0.003017 0.00449 0.099889 -0.000632 -0.000602 -0.000149 0.000751 8.2e-005 0.0004 -0.00018 0.001544 -0.000108 -4.6e-005 
1.9108e-005 1.34005e-008 1.32483e-007 2.2111e-007 6.07686e-005 3.87471e-008 1.3406e-008 2.91416e-008 3.0561e-007 1.10239e-008 1.66904e-007 3.99456e-007 9.37476e-005 7.0959e-008 4.62343e-009 

0.16474 0.005799 0.003767 0.000608 0.098035 0.000751 -0.000773 -0.00118 -9.3e-005 -0.00035 0.000163 -0.000443 0.001922 -0.000109 -0.000187 
1.90558e-005 2.47055e-007 1.44212e-007 9.88967e-009 6.09318e-005 3.3413e-008 1.58396e-008 5.50935e-007 2.66476e-007 8.77291e-009 1.57456e-007 4.38923e-008 9.34107e-005 5.9221e-008 1.86319e-008 

0.166177 0.004366 -0.001963 -0.000456 0.098693 -0.000813 -0.00085 -0.000937 0.000469 0.000754 -1e-005 -0.000409 0.00181 0.000252 0.000111 
1.90744e-005 1.87406e-007 8.70321e-008 4.5563e-008 6.08743e-005 2.90008e-008 1.89136e-008 4.21411e-007 1.93977e-007 3.00823e-008 1.55782e-007 9.51436e-008 9.35306e-005 5.44497e-008 1.10941e-008 

0.167831 0.004675 0.002971 0.002696 0.100493 -0.002 0.001034 0.000241 0.000166 0.000212 -0.000128 3e-006 0.002402 -0.000176 -0.000377 
1.91301e-005 1.80282e-007 1.09487e-007 1.38506e-007 6.07014e-005 1.1351e-007 4.05063e-008 2.75138e-007 1.78531e-007 1.166e-008 1.57602e-007 2.51965e-007 9.38807e-005 2.06479e-007 3.75122e-008 

0.167683 0.002924 -0.002547 0.004469 0.100213 0.001659 1.9e-005 0.000625 -6e-005 0.000531 0.000184 0.000166 0.002525 0.000179 1e-005 
1.91225e-005 1.08899e-007 1.01429e-007 2.38712e-007 6.07258e-005 9.60006e-008 8.97777e-009 1.20939e-007 1.54292e-007 2.39981e-008 1.62199e-007 4.33616e-007 9.38319e-005 1.74645e-007 3.40009e-009 

0.171271 0.000916 0.003074 0.002905 0.102738 -0.000208 3.8e-005 -0.000457 -0.00061 -0.000486 0.000301 7.7e-005 0.00261 7e-006 -4.2e-005 
1.91969e-005 4.67653e-008 1.24203e-007 1.5318e-007 6.04925e-005 1.03243e-008 8.42619e-009 1.25909e-007 3.02338e-007 1.15675e-008 1.63223e-007 2.8092e-007 9.43042e-005 1.94461e-008 4.18593e-009 

0.172392 0.00433 -0.003472 0.002989 0.103264 -0.001035 -6.5e-005 -0.00051 0.000277 0.000104 0.000369 -5.5e-005 0.002563 2.4e-005 3.4e-005 
1.92121e-005 1.75571e-007 1.40098e-007 1.50349e-007 6.04435e-005 5.24898e-008 6.75617e-009 3.62597e-007 2.68387e-007 1.21594e-008 1.64869e-007 2.75227e-007 9.44012e-005 9.47656e-008 3.50163e-009 

0.171463 0.006169 0.004229 0.00325 0.102956 -0.000945 0.00026 0.000689 -4.8e-005 -2.9e-005 -0.000348 1.1e-005 0.002783 -8.2e-005 -0.000743 
1.92044e-005 2.30615e-007 1.59711e-007 1.66974e-007 6.04679e-005 5.36247e-008 1.80051e-008 3.24831e-007 2.95149e-007 5.45078e-009 1.59379e-007 3.07319e-007 9.43501e-005 9.84501e-008 7.402e-008 

0.172871 0.004383 -0.00231 0.004409 0.103794 0.001506 -5.7e-005 0.000447 0.000495 8e-006 0.000277 -0.000188 0.002836 9.7e-005 6.2e-005 
1.92292e-005 1.64694e-007 9.99018e-008 2.15642e-007 6.03902e-005 8.33744e-008 7.18782e-009 2.3661e-007 2.22312e-007 8.48186e-009 1.63424e-007 3.97787e-007 9.45083e-005 1.53053e-007 6.56478e-009 

0.164841 -0.002106 0.002342 0.003791 0.09774 -0.001555 0.000253 -9.7e-005 -0.000119 0.000876 1.1e-005 -0.000195 0.001761 -7.1e-005 8.1e-005 
1.90464e-005 7.68035e-008 8.92489e-008 1.84849e-007 6.09611e-005 8.47875e-008 1.33995e-008 1.31039e-007 1.76234e-007 3.12846e-008 1.56945e-007 3.29848e-007 9.33549e-005 1.51953e-007 8.38277e-009 

0.166272 0.002857 -0.002672 0.003838 0.098485 0.001015 5e-006 0.000233 5e-006 0.000276 0.000534 -0.000132 0.001896 0.000214 -0.000137 
1.90688e-005 1.10713e-007 1.07399e-007 1.90467e-007 6.08918e-005 6.43998e-008 8.29725e-009 1.53913e-007 1.70293e-007 1.64656e-008 1.70902e-007 3.41543e-007 9.34957e-005 1.19095e-007 1.36722e-008 

0.15882 0.005514 0.002698 0.001487 0.094644 -0.000856 -0.000877 0.000828 0.000237 -0.000229 0.000132 -0.000342 0.002023 -0.000133 -0.000143 
1.89581e-005 2.0851e-007 9.97517e-008 5.85492e-008 6.12341e-005 5.18882e-008 1.74149e-008 2.47021e-007 1.46025e-007 6.28919e-009 1.56196e-007 1.05539e-007 9.27923e-005 9.40344e-008 1.43034e-008 

0.159417 0.004258 -0.003143 0.000962 0.094908 0.000784 -0.000971 0.000426 -0.000426 9.7e-005 0.000117 -0.00053 0.001998 0.000125 -8.3e-005 
1.89655e-005 1.64147e-007 1.21043e-007 2.28313e-008 6.12116e-005 4.77245e-008 2.13751e-008 2.13874e-007 1.43645e-007 1.16103e-008 1.56228e-007 5.9844e-008 9.28395e-005 8.65435e-008 8.34045e-009 

0.159511 0.001095 0.002668 0.002156 0.09542 -0.000978 0.000213 -0.000371 7e-005 0.000107 -4.6e-005 -0.000226 0.002132 4.8e-005 -2e-006 
1.89809e-005 5.28077e-008 1.00365e-007 9.93282e-008 6.11653e-005 4.84491e-008 1.32897e-008 1.20935e-007 1.67651e-007 8.69442e-009 1.56179e-007 1.74217e-007 9.29357e-005 8.51867e-008 4.0444e-010 

0.174003 0.006014 0.008336 0.001564 0.104494 0.001662 -0.0006 0.00089 0.000586 -0.000274 -4.4e-005 -0.000266 0.00272 -0.000323 -0.000239 
1.92494e-005 2.21429e-007 3.06783e-007 6.56945e-008 6.03235e-005 6.81605e-008 9.34279e-009 2.96366e-007 4.93114e-007 8.9918e-009 1.55294e-007 1.22072e-007 9.46374e-005 1.37825e-007 2.3936e-008 

0.176216 0.00603 -0.007214 0.003391 0.105829 -0.001732 -1e-005 0.001532 -0.000588 0.000263 0.000148 -0.000234 0.002774 0.00014 4e-005 
1.92889e-005 2.16754e-007 2.69962e-007 1.60526e-007 6.01977e-005 8.17493e-008 1.04745e-008 2.48657e-007 4.11452e-007 1.9702e-008 1.60526e-007 2.99851e-007 9.48905e-005 1.57194e-007 4.28981e-009 

0.172197 0.004136 0.002517 0.004356 0.102882 -0.002082 0.00048 -0.000164 -0.000512 -0.000486 8.7e-005 -0.000284 0.002469 -0.000587 -0.000315 
1.92005e-005 1.63308e-007 1.01757e-007 2.0786e-007 6.048e-005 1.40206e-007 2.30084e-008 2.98768e-007 2.49681e-007 1.1786e-008 1.59669e-007 3.8169e-007 9.43282e-005 2.63795e-007 3.16273e-008 

0.173627 0.004161 -0.002027 0.003731 0.103481 0.001486 -0.000599 -0.000785 0.000467 0.000566 -0.000219 -0.000433 0.002347 0.000279 -0.001125 
1.92174e-005 1.73667e-007 8.88795e-008 1.67959e-007 6.04261e-005 9.22611e-008 1.09791e-008 3.92565e-007 1.99196e-007 2.4558e-008 1.57053e-007 3.09219e-007 9.4437e-005 1.72013e-007 1.12017e-007 

0.167167 0.000186 -0.000566 0.001292 0.098935 -0.000343 -0.001044 -0.001848 0.001054 7.5e-005 -0.000109 -0.000454 0.001437 0.000322 0.000363 
1.90796e-005 6.69128e-008 5.12698e-008 4.26232e-008 6.08574e-005 4.42546e-009 2.77607e-008 3.1122e-007 2.00937e-007 9.0459e-009 1.56209e-007 8.52172e-008 9.35676e-005 3.15665e-008 3.60669e-008 

0.174424 0.0029 0.002549 0.003798 0.102958 -0.000768 -0.000728 -0.001468 -0.000385 -1.1e-005 0.000218 -0.000258 0.001457 -3.7e-005 -3.7e-005 
1.91975e-005 1.40871e-007 1.001e-007 1.80871e-007 6.04868e-005 4.16565e-008 1.62451e-008 4.16201e-007 2.33547e-007 6.07137e-009 1.60927e-007 3.30242e-007 9.43173e-005 7.74537e-008 3.94418e-009 

0.175092 0.005389 -0.002331 0.003861 0.103507 0.00049 -0.000474 -0.000624 0.000203 -0.000481 0.000396 -0.00015 0.001611 0.000139 -0.000159 
1.92144e-005 2.16969e-007 9.5281e-008 1.89737e-007 6.04332e-005 3.29638e-008 6.19567e-009 4.52248e-007 1.80912e-007 9.2859e-009 1.65365e-007 3.47546e-007 9.4424e-005 6.32604e-008 1.57618e-008 

0.176004 0.004225 -0.000218 0.003525 0.105351 -0.001381 -0.000536 -0.001089 -6e-005 0.000306 0.000157 -0.000259 0.002246 0.000135 -2.3e-005 
1.92719e-005 1.8026e-007 1.08453e-008 1.66454e-007 6.02527e-005 6.40591e-008 9.39002e-009 4.46606e-007 1.15253e-008 1.62695e-008 1.59467e-007 3.0781e-007 9.47858e-005 1.18601e-007 2.45046e-009 

0.17575 0.004706 -0.000512 0.004176 0.105345 0.000275 -0.000768 -0.000779 0.000588 -0.000438 -2.4e-005 -0.000268 0.002348 0.000125 -6.3e-005 
1.92723e-005 1.92584e-007 3.59285e-008 1.99205e-007 6.02516e-005 2.10891e-008 1.57732e-008 4.31845e-007 1.21619e-007 9.13277e-009 1.5769e-007 3.6864e-007 9.47873e-005 4.13505e-008 6.26275e-009 

0.166441 0.007019 0.004981 0.00061 0.099122 0.001351 -0.00028 0.000394 -0.001038 -0.00028 -0.000285 -6.4e-005 0.002009 -0.000295 -0.000581 
1.90881e-005 2.69177e-007 2.05694e-007 2.75577e-008 6.08306e-005 5.44547e-008 4.32511e-009 4.07061e-007 4.90389e-007 6.90165e-009 1.56117e-007 5.26523e-008 9.36151e-005 1.00676e-007 5.77692e-008 

0.165935 0.004965 -0.002176 0.001053 0.099258 -0.000291 1.9e-005 0.000358 1.3e-005 0.000155 0.000203 6.8e-005 0.002121 0.000408 0.000168 
1.90925e-005 1.90449e-007 8.77058e-008 5.77876e-008 6.08185e-005 7.96643e-009 1.01077e-008 2.76675e-007 1.40561e-007 1.26894e-008 1.5965e-007 1.05162e-007 9.3644e-005 4.58568e-008 1.67265e-008 

0.164653 0.003049 0.002057 0.003116 0.099172 0.000243 7.9e-005 -0.000136 4.1e-005 0.000195 -8.8e-005 -6.2e-005 0.002613 -4e-005 -0.000217 
1.90924e-005 1.22998e-007 7.59254e-008 1.56991e-007 6.08205e-005 1.04927e-008 1.04909e-008 2.16327e-007 1.34818e-007 1.1316e-008 1.57207e-007 2.82484e-007 9.36395e-005 1.92443e-008 2.16077e-008 

0.16058 0.003555 -0.001912 0.003063 0.098426 -0.000464 7.7e-005 6.1e-005 -0.000243 -0.000347 0.000109 3e-005 0.002573 -4e-006 -1.5e-005 
1.90704e-005 1.40048e-007 7.43578e-008 1.59329e-007 6.08888e-005 2.43776e-008 1.07607e-008 2.21589e-007 9.02147e-008 6.39496e-009 1.58925e-007 2.86548e-007 9.35004e-005 4.39323e-008 1.71588e-009 

0.165608 0.012566 0.0017 0.001885 0.099038 0.001584 0.000106 0.000877 0.000595 0.000357 -0.00031 -0.000402 0.002429 0.000263 0.000191 
1.90881e-005 4.77403e-007 5.71735e-008 7.5283e-008 6.08289e-005 9.66317e-008 1.66424e-008 7.09816e-007 6.08472e-008 1.55803e-008 1.5698e-007 1.50429e-007 9.36119e-005 1.77919e-007 1.89049e-008 

0.16851 0.000729 -0.000272 0.006219 0.100497 0.000879 -0.000735 -0.001193 0.001297 0.00034 -0.000116 -0.000203 0.002119 0.000317 3.7e-005 
1.91288e-005 6.036e-008 5.09325e-008 3.0875e-007 6.07049e-005 6.29172e-008 1.77294e-008 2.33996e-007 2.241e-007 1.62286e-008 1.61038e-007 5.58402e-007 9.38749e-005 1.19895e-007 4.19022e-009 

0.161874 0.005036 0.002074 0.002072 0.096346 0.001234 -0.000254 -0.000153 -0.000189 0.000333 -0.000268 -0.00039 0.001909 4e-006 -3e-005 
1.90067e-005 2.01543e-007 8.02823e-008 8.60934e-008 6.10844e-005 6.4584e-008 3.45235e-009 3.45261e-007 1.68636e-007 1.52123e-008 1.56037e-007 1.53882e-007 9.31006e-005 1.14238e-007 3.18628e-009 

0.161366 0.00479 -0.002621 0.00221 0.096123 0.000728 -0.000352 -0.000229 -5.7e-005 -0.000149 -6.3e-005 -0.000337 0.002136 8.5e-005 -6.7e-005 
1.90013e-005 1.93439e-007 1.05054e-007 9.61839e-008 6.11016e-005 4.25365e-008 3.71163e-009 3.39064e-007 1.56332e-007 5.38944e-009 1.55807e-007 1.6984e-007 9.30647e-005 7.7228e-008 6.65813e-009 

0.162634 0.000685 0.002749 0.00324 0.097366 1.5e-005 -0.000271 -0.000791 0.000301 0.000628 -7.9e-005 -0.000222 0.002309 0.000103 -0.000128 
1.90383e-005 4.75647e-008 9.99814e-008 1.55202e-007 6.09883e-005 6.51343e-009 5.32682e-009 1.64524e-007 1.43906e-007 2.34281e-008 1.56477e-007 2.75652e-007 9.32982e-005 1.56619e-008 1.27254e-008 

0.160781 0.000877 -0.002176 0.003824 0.096179 0.000153 -0.000254 -0.000565 -0.000132 -0.000299 6.5e-005 -7e-005 0.002162 -0.000166 -5.7e-005 
1.9003e-005 4.86378e-008 8.65408e-008 1.93635e-007 6.10969e-005 2.68462e-009 4.70565e-009 1.38961e-007 1.17879e-007 5.75629e-009 1.58776e-007 3.43452e-007 9.30761e-005 1.61452e-008 5.6724e-009 

0.157425 0.002406 0.004786 0.0025 0.092972 -0.000495 -0.000713 -0.000461 -0.000976 -9.9e-005 0.000291 -0.000214 0.001039 -0.000341 -0.000329 
1.89051e-005 1.0546e-007 2.01749e-007 1.17815e-007 6.13942e-005 4.38778e-008 1.52758e-008 2.16682e-007 4.57618e-007 4.72643e-009 1.60962e-007 2.04965e-007 9.2463e-005 9.09237e-008 3.26994e-008 

0.160103 0.002997 -0.003619 0.003447 0.094847 0.000637 -0.000672 -0.000194 0.000728 -0.000636 -0.000139 -0.000285 0.001479 0.000234 0.000424 
1.89612e-005 1.23295e-007 1.57316e-007 1.62837e-007 6.12235e-005 4.56663e-008 1.34804e-008 2.16414e-007 3.35098e-007 1.30982e-008 1.5604e-007 2.85797e-007 9.28156e-005 8.82505e-008 4.21384e-008 

0.179258 0.004935 0.002803 0.003848 0.108255 -0.000841 0.000247 0.000411 -0.000245 -0.000529 -0.000278 -0.00034 0.003429 -5.2e-005 -0.000541 
1.9364e-005 1.83714e-007 1.06035e-007 1.77565e-007 5.9961e-005 4.63014e-008 1.68035e-008 2.8643e-007 2.33129e-007 1.30874e-008 1.59217e-007 3.37722e-007 9.5364e-005 8.66541e-008 5.40117e-008 

0.178262 0.004822 -0.003 0.004871 0.107846 0.000258 0.000284 0.000884 -0.000199 -0.000128 -0.000211 -0.000225 0.003658 0.000209 0.000117 
1.93531e-005 1.7563e-007 1.14406e-007 2.36395e-007 5.99966e-005 2.50903e-008 1.82938e-008 2.27318e-007 1.75319e-007 6.66231e-009 1.60099e-007 4.45049e-007 9.52928e-005 5.14919e-008 1.17707e-008 

0.184723 0.001201 0.002218 0.001869 0.112027 -0.000886 0.000208 -3.2e-005 0.000172 0.000888 5.9e-005 1.1e-005 0.004111 -0.00014 -0.000507 
1.94793e-005 4.84437e-008 7.70988e-008 9.58384e-008 5.95902e-005 5.36195e-008 1.3776e-008 8.51468e-008 1.37229e-007 3.25633e-008 1.57198e-007 1.82282e-007 9.60973e-005 1.00537e-007 5.06816e-008 

0.183242 0.003604 -0.001804 0.003064 0.111087 0.001964 0.00084 1.9e-005 -0.000292 -0.000264 0.000252 -2.8e-005 0.00396 8e-006 0.000212 
1.94506e-005 1.37248e-007 6.78721e-008 1.54639e-007 5.96828e-005 1.01778e-007 3.43913e-008 2.4793e-007 8.76251e-008 4.23221e-009 1.6268e-007 2.93607e-007 9.59145e-005 1.91225e-007 2.11978e-008 

0.169745 0.004971 0.006016 0.001733 0.101556 -0.001465 -0.000517 -8.6e-005 0.000269 -0.000818 -0.000718 -0.000308 0.002281 -0.000156 -0.000368 
1.91607e-005 1.95187e-007 2.24968e-007 7.25263e-008 6.06041e-005 8.45841e-008 7.72305e-009 3.40042e-007 3.69519e-007 2.37483e-008 1.66802e-007 1.31789e-007 9.40758e-005 1.55441e-007 3.67802e-008 

0.1706 0.0025 -0.003086 0.003658 0.102016 0.000261 -0.000617 -7.6e-005 -8.3e-005 -0.000151 -0.000107 -0.000245 0.002309 0.000153 0.000245 
1.91742e-005 9.98631e-008 1.20806e-007 1.74615e-007 6.05629e-005 2.19262e-008 1.21297e-008 1.74181e-007 1.9001e-007 6.05672e-009 1.5712e-007 3.18059e-007 9.41625e-005 4.3904e-008 2.44457e-008 

0.168139 0.006072 0.002626 0.004225 0.101708 -0.001046 -2.2e-005 2e-005 -1.3e-005 0.000293 0.000116 0.000119 0.003068 5.5e-005 -0.000435 
1.91691e-005 2.35592e-007 9.82257e-008 2.23338e-007 6.05804e-005 5.14296e-008 8.85535e-009 4.00929e-007 1.81127e-007 1.40449e-008 1.60248e-007 4.07524e-007 9.41227e-005 9.27105e-008 4.33476e-008 

0.167855 0.004922 -0.001991 0.003749 0.10126 0.000113 0.000156 0.000181 5.1e-005 -0.000393 0.000123 2e-005 0.002924 -0.000105 0.000448 
1.91551e-005 1.89746e-007 8.07342e-008 1.93629e-007 6.06244e-005 3.05846e-009 1.38191e-008 3.01221e-007 1.34197e-007 7.21514e-009 1.60183e-007 3.5259e-007 9.40357e-005 7.43157e-009 4.46116e-008 

0.180893 0.000625 0.007079 0.002327 0.109236 -0.000815 0.00025 -0.001551 0.000649 0.00015 -0.000429 -0.000199 0.003221 -5e-005 -0.000299 
1.9392e-005 6.90151e-008 2.55094e-007 1.08054e-007 5.98695e-005 4.46206e-008 1.37055e-008 2.87577e-007 4.11064e-007 7.31629e-009 1.58297e-007 2.02873e-007 9.55445e-005 8.59559e-008 2.98267e-008 

0.183752 -0.002396 -0.004008 0.003157 0.109808 0.000543 -1.4e-005 -0.002461 5.2e-005 -0.000968 0.000369 0.000402 0.002719 -0.000527 -7.5e-005 
1.94062e-005 9.92135e-008 1.53673e-007 1.8364e-007 5.98223e-005 3.88963e-009 6.75898e-009 2.76903e-007 2.82598e-007 2.25867e-008 1.64596e-007 3.45095e-007 9.56411e-005 5.97031e-008 7.71025e-009 

0.167075 0.001484 0.003983 0.000118 0.099501 0.000703 0.000133 -0.000135 -0.000296 -7.3e-005 2.52e-005 -0.000248 0.001938 -0.000193 7.9e-005 
1.90986e-005 6.26038e-008 1.54819e-007 8.5441e-009 6.07992e-005 2.62214e-008 1.1615e-008 1.12541e-007 3.12228e-007 5.3848e-009 1.56462e-007 2.72604e-008 9.36844e-005 4.94093e-008 7.85311e-009 

0.165509 0.002453 -0.003748 -0.000135 0.098595 -0.001396 -0.000278 -0.000189 0.000484 0.000177 0.000203 -0.000208 0.0019 0.000157 0.000154 
1.90719e-005 1.00933e-007 1.5582e-007 1.84517e-008 6.08822e-005 6.42406e-008 5.08942e-009 1.83751e-007 3.1245e-007 1.3799e-008 1.58987e-007 3.91317e-008 9.35151e-005 1.14195e-007 1.53118e-008 

0.163965 0.002184 0.002788 0.001631 0.09815 -0.000707 0.000987 0.000108 0.000247 0.000581 0.00018 0.000449 0.002645 -0.000101 -0.000678 
1.90627e-005 8.68336e-008 1.01894e-007 1.08147e-007 6.09132e-005 4.22833e-008 3.75835e-008 1.24456e-007 1.54025e-007 2.22707e-008 1.59393e-007 2.02927e-007 9.34509e-005 7.72361e-008 6.74285e-008 

0.164183 0.00061 -0.002875 0.004056 0.097953 0.000671 -0.000135 4.1e-005 -0.000253 -0.000749 0.000482 0.000313 0.002591 0.000164 5.8e-005 
1.90567e-005 2.644e-008 1.11743e-007 2.25806e-007 6.09314e-005 4.38401e-008 4.57782e-009 3.04791e-008 1.49242e-007 1.63784e-008 1.68987e-007 4.09048e-007 9.34136e-005 8.13267e-008 5.91043e-009 

0.169564 -0.000113 -0.000132 0.002297 0.100947 0.000254 4.9e-005 -3.8e-005 0.000588 -8.6e-005 -1.2e-005 -0.000155 0.002211 2.2e-005 9.7e-005 
1.91423e-005 1.96899e-009 2.47703e-008 1.09675e-007 6.06636e-005 1.43964e-008 8.63346e-009 7.54425e-009 9.83778e-008 5.57083e-009 1.56881e-007 1.98941e-007 9.39605e-005 2.61834e-008 9.65348e-009 

0.167546 0.001709 0.004338 0.001411 0.099975 0.000143 -0.00056 -0.00013 -5.9e-005 -4.5e-005 0.000403 -0.000207 0.002074 -0.000115 -2.4e-005 
1.91131e-005 7.09679e-008 1.6504e-007 6.14524e-008 6.0754e-005 1.20262e-009 1.12377e-008 1.26931e-007 3.01278e-007 5.31215e-009 1.64239e-007 1.1109e-007 9.37758e-005 1.40274e-008 2.51909e-009 

0.16632 0.001277 -0.002999 -0.000546 0.099198 -0.001256 -0.000173 -0.000164 -1.7e-005 9e-005 0.000361 -0.000159 0.002115 0 -3.9e-005 
1.90906e-005 5.50916e-008 1.1897e-007 3.67017e-008 6.08249e-005 6.53578e-008 5.06419e-009 1.02907e-007 1.9135e-007 1.11148e-008 1.63009e-007 6.88178e-008 9.36325e-005 1.16954e-007 3.90869e-009 

0.183478 0.000987 0.000156 0.000104 0.1099 -0.000407 8.2e-005 -0.000901 -0.000677 0.000226 -9.4e-005 -0.000239 0.002702 -0.000149 -0.000371 
1.94088e-005 5.93487e-008 2.40592e-008 8.65625e-009 5.9815e-005 2.93652e-008 9.60738e-009 2.04089e-007 1.28549e-007 1.40314e-008 1.56062e-007 2.71435e-008 9.56579e-005 5.58954e-008 3.70248e-008 

0.162771 0.000178 0.002568 0.004818 0.096767 -0.000439 -0.000414 -0.000591 -0.000242 0.00024 0.00012 5.1e-005 0.001897 -8.6e-005 -0.000144 
1.90189e-005 2.61946e-008 1.00747e-007 2.51067e-007 6.10469e-005 2.74692e-008 8.49348e-009 1.01321e-007 2.0762e-007 1.22195e-008 1.60878e-007 4.48664e-007 9.31786e-005 5.0807e-008 1.43609e-008 

0.164012 0.001211 -0.001247 0.004298 0.097636 0.000434 -5.8e-005 -0.000665 0.000223 4.2e-005 0.000216 -0.000214 0.001932 5.4e-005 6.9e-005 
1.90442e-005 6.29256e-008 5.5572e-008 2.10064e-007 6.09687e-005 2.54735e-008 5.93151e-009 1.76441e-007 1.0816e-007 9.07076e-009 1.61816e-007 3.74253e-007 9.33393e-005 4.65748e-008 6.89222e-009 

0.156854 0.001922 -0.003963 0.002672 0.0937 0.000696 -0.000612 0.000217 0.000155 0.000115 9.4e-005 0.000153 0.001995 0.000156 0.000372 
1.89307e-005 7.57158e-008 1.61918e-007 1.46205e-007 6.13188e-005 4.46868e-008 1.21076e-008 9.05896e-008 2.6918e-007 1.24208e-008 1.58065e-007 2.60581e-007 9.26183e-005 8.25229e-008 3.70016e-008 

0.162884 0.001592 0.003104 0.004759 0.096713 -0.001329 2.9e-005 -0.000367 -9.3e-005 -0.000823 0.000221 -0.000201 0.001789 -4e-006 7e-005 
1.90168e-005 7.13182e-008 1.19837e-007 2.34585e-007 6.1053e-005 6.94197e-008 8.10616e-009 1.53055e-007 2.19639e-007 2.17319e-008 1.62858e-007 4.16174e-007 9.31661e-005 1.23566e-007 7.28166e-009 

0.164496 5.45e-005 -0.000569 0.004709 0.097485 -0.000807 0.000356 -0.000334 0.000732 0.000332 -4.5e-005 5.1e-005 0.001635 -9.5e-005 0.000165 
1.90384e-005 1.4642e-008 4.23541e-008 2.45302e-007 6.09858e-005 4.71811e-008 1.7163e-008 5.1615e-008 1.47376e-007 1.64249e-008 1.59203e-007 4.39478e-007 9.33051e-005 8.52596e-008 1.64364e-008 

0.176706 0.002933 0.001885 0.003575 0.105362 -0.002498 -0.000663 -0.000899 -0.000289 0.002786 -0.000409 -0.000587 0.002225 -0.000178 -4.4e-005 
1.92723e-005 1.29386e-007 7.18806e-008 1.51085e-007 6.02516e-005 1.39105e-007 1.39008e-008 3.29467e-007 1.76342e-007 9.07891e-008 1.56795e-007 2.85901e-007 9.47882e-005 2.56419e-007 4.53876e-009 

0.17363 0.002976 -0.001957 0.002754 0.103578 0.001187 -0.000814 -0.001223 0.000215 -0.0006 0.000138 -0.000325 0.002027 -8e-005 9.6e-005 
1.92186e-005 1.38132e-007 8.11916e-008 1.23721e-007 6.04219e-005 5.70816e-008 1.8665e-008 3.82131e-007 1.57547e-007 1.26142e-008 1.58066e-007 2.27786e-007 9.44473e-005 1.0491e-007 9.61147e-009 

0.1643 0.002802 0.001787 0.005571 0.097522 -0.002295 -0.000368 -0.001368 -0.000127 0.000971 -9.1e-005 -0.00041 0.001678 -8.9e-005 -6.8e-005 
1.90397e-005 1.37429e-007 6.81465e-008 2.65283e-007 6.09812e-005 1.24225e-007 5.65122e-009 3.89145e-007 1.40324e-007 3.45678e-008 1.58265e-007 4.70779e-007 9.33122e-005 2.22893e-007 7.68161e-009 

0.162672 0.004962 -0.00266 0.007562 0.096444 0.004628 5.7e-005 -0.001658 0.000583 0.000598 0.000348 -0.000298 0.001405 0.00035 -0.000285 
1.90073e-005 2.24626e-007 1.18326e-007 3.74125e-007 6.10794e-005 2.5956e-007 9.1061e-009 5.71703e-007 2.50381e-007 2.52482e-008 1.67017e-007 6.61058e-007 9.31075e-005 4.67607e-007 3.06383e-008 

0.163435 0.004837 0.001059 0.00108 0.096918 -1.4e-005 -0.000315 -0.000305 -0.000451 0.000315 -0.000321 -0.000472 0.00161 -4.4e-005 -0.000164 
1.90218e-005 1.95894e-007 4.59706e-008 3.08809e-008 6.10371e-005 3.02114e-009 4.00476e-009 3.54761e-007 1.45184e-007 1.56672e-008 1.56588e-007 6.90241e-008 9.31988e-005 8.47695e-009 1.62953e-008 

0.162517 0.006324 -0.000633 0.001899 0.096107 6.6e-005 7.1e-005 0.000186 0.000499 -0.000561 0.000302 -0.000312 0.001599 2.8e-005 0.000169 
1.89983e-005 2.47119e-007 3.8244e-008 8.11339e-008 6.11092e-005 4.89125e-009 1.19295e-008 3.81993e-007 1.13144e-007 1.22866e-008 1.61792e-007 1.45936e-007 9.30498e-005 1.02847e-008 1.68183e-008 

0.165324 0.00062 0.002772 0.003798 0.099247 0.0015 -0.001509 -0.001736 -0.000435 0.000125 1.3e-005 -0.000296 0.002462 7.4e-005 1.4e-005 
1.90939e-005 7.35968e-008 1.10904e-007 1.79708e-007 6.08154e-005 8.2232e-008 4.15789e-008 3.17859e-007 2.52493e-007 9.06914e-009 1.58106e-007 3.22719e-007 9.36495e-005 1.46756e-007 1.51195e-009 

0.165486 0.000312 -0.003409 0.003515 0.098756 0.001067 -0.00164 -0.001144 -2.3e-005 -0.000943 0.000517 -0.000233 0.002172 3.8e-005 -0.00019 
1.9078e-005 4.75724e-008 1.35108e-007 1.68574e-007 6.08638e-005 5.75109e-008 4.51577e-008 2.00852e-007 2.15358e-007 2.18123e-008 1.6902e-007 3.022e-007 9.35521e-005 1.03821e-007 1.91211e-008 
